5430587
5430581
5430576
5430574
5430572
5430554
5430523
5430392
5430376
5430348
5430331
5430312
5430205
5430199
5430197
5430092
4908824
4908749
4908724
4908723
4908717
4908714
4908712
4908704
4908635
4908626
4908593
4866506
4866432
4866411
4866384
4866357
4866348
4866344
4866308
4866187
4866180
4866147
4866110
4866106
4866105
4866104
4866101
4866099
4866060
4866044
4866013
4865996
4865986
4865913
4865911
4865909
4865907
4865906
4865905
4865903
4865902
4865901
4865899
4865894
4865892
4865891
4865887
4865886
4865877
4865868
4865864
4865862
4865842
4865813
4865774
4865688
4865687
4865685
4865680
4865674
5430587
5430581
5430576
5430574
5430572
5430554
5430523
5430392
5430376
5430348
5430331
5430312
5430205
5430199
5430197
5430092
4908824
4908749
4908724
4908723
4908717
4908714
4908712
4908704
4908635
4908626
4908593
4866506
4866432
4866411
4866384
4866357
4866348
4866344
4866308
4866187
4866180
4866147
4866110
4866106
4866105
4866104
4866101
4866099
4866060
4866044
4866013
4865996
4865986
4865913
4865911
4865909
4865907
4865906
4865905
4865903
4865902
4865901
4865899
4865894
4865892
4865891
4865887
4865886
4865877
4865868
4865864
4865862
4865842
4865813
4865774
4865688
4865687
4865685
4865680
4865674
4865557
4865554
4865550
4865549
4865520
4865483
4865312
4865310
4865309
4865301
4865285
4865263
4865232
4865198
4865054
4865005
4864945
4864861
4864833
4864832
4864762
4864652
4864554
4864541
4864447
4864400
4864256
4864166
4864156
4864081
4864065
4864060
4864041
4863979
4863970
4863960
4863949
4863934
4863913
4863912
4863888
4863887
4863862
4863852
4863847
4863841
4863829
4863807
4863804
4863800
4863775
4863701
4863637
4863605
4863588
4863575
4863533
4863529
288789
288773
288735
288718
288713
288712
288693
288639
288631
288551
288547
288544
288513
288471
288437
288411
288337
288289
288277
288200
288119
288116
288115
288095
288060
288000
287955
287940
287905
287858
287841
287807
287776
287745
287695
287688
287632
287608
287555
287520
287511
287501
287418
287232
287219
287197
287157
287156
287093
287090
287089
287085
287020
286944
286823
286757
286753
286741
286735
286733
286722
286652
286650
286584
286552
286547
286541
286528
286458
286371
286312
286292
286238
286204
286108
286103
286054
286033
286015
285964
285916
285899
285786
285778
285751
285744
285701
285691
285686
285656
285649
285600
285588
285585
285545
285497
285454
285408
285401
285365
285321
285274
285262
285260
285239
285238
285161
285101
285095
285090
285078
285074
285067
285065
285006
285003
284822
284700
284672
284659
284648
284647
284643
284590
284504
284408
284406
284388
284364
284354
284343
284281
284220
284143
284118
284109
284074
284030
284029
283836
283831
283807
283771
283756
283739
283737
283733
283674
283672
283669
283623
283622
283579
283519
283513
283495
283487
283459
283393
283374
283373
283345
283330
283317
283293
283292
283279
283275
283243
283206
283195
283183
283182
283139
283100
283059
283006
282996
282995
282994
282987
282982
282940
282921
282880
282869
282865
282864
282855
282820
282757
282740
282733
282709
282703
282698
282669
282660
282625
282613
282588
282560
282554
282541
282536
282509
282508
282501
282491
282472
282466
282439
282423
282419
282416
282395
282382
282370
282358
282355
282352
282350
282342
282331
282328
282325
282312
282298
282291
282290
282289
282287
282284
282274
282273
282271
282269
282260
282259
282246
282237
282235
282228
282227
282225
282220
282217
282213
282210
282208
282207
282205
282204
282203
282200
282197
282195
282194
282188
282186
282185
282179
282173
282170
282169
282150
282148
282048
282045
282027
282025
282023
282006
281908
281900
281897
281894
281786
281769
281732
281730
281571
281555
281524
281516
281486
281459
281222
281194
281192
281184
281160
281135
281119
281053
281012
280941
280855
280848
280836
280809
280804
280801
280787
280750
280746
280730
280705
280694
280689
280682
280663
280635
280633
280571
280526
280511
280482
280478
280408
280355
280278
280227
280191
280142
280139
280033
280026
280010
279992
279983
279979
279977
279948
279946
279945
279942
279889
279882
279793
279693
279631
279624
279613
279606
279603
279547
279535
279414
279402
279386
279333
279320
279317
279314
279299
279257
279193
279145
279131
279121
279120
279117
279108
279048
278954
278905
278898
278848
278812
278810
278804
278747
278638
278578
278546
278521
278495
278461
278390
278342
278338
278301
278229
278227
278215
278192
278108
278060
278043
277994
277990
277988
277925
277921
277897
277874
277867
277744
277695
277661
277540
277468
277456
277318
277174
277166
277137
277129
277128
277127
277093
277042
277017
277001
276978
276976
276870
276809
276804
276787
276758
276713
276712
276709
276705
276698
276688
276628
276620
276496
276443
276436
276403
276388
276319
276285
276248
276242
276241
276221
276107
276095
276084
276052
276044
276034
275942
275929
275877
275874
275845
275795
275762
275754
275753
275707
275645
275529
275515
275462
275234
275166
275123
275056
275041
275037
275020
274962
274961
274960
274914
274912
274906
274894
274819
274817
274791
274781
274779
274739
274737
274726
274693
274691
274680
274571
274561
274515
274506
274503
274500
274487
274457
274410
274406
274314
274244
274235
274232
274170
274150
274139
274130
274124
274112
274071
274012
273945
273944
273927
273918
273913
273907
273905
273903
273894
273874
273851
273849
273844
273829
273826
273825
273821
273785
273725
273716
273675
273664
273646
273576
273569
273559
273551
273527
273520
273495
273491
273478
273475
273428
273399
273318
273308
273278
273266
273239
273224
273171
273151
273143
273088
273053
273031
273027
272960
272932
272927
272924
272919
272917
272914
272875
272826
272768
272758
272757
272755
272710
272691
272626
272619
272617
272589
272568
272388
272386
272349
272331
272267
272262
272258
272254
272215
272027
271954
271952
271928
271809
271731
271604
271538
271498
271472
271330
271319
271498
271472
271330
271319
271170
271155
271088
271045
271043
271498
271472
271330
271319
271170
271155
271088
271045
271043
225245
246796
270975
270974
246779
225245
246796
246779
271498
271472
271330
271319
271170
271155
271088
271045
271043
270975
270974
270925
270923
246715
246711
246683
246612
270810
270802
246796
246779
246715
246711
246683
246612
271498
271472
271330
271319
271170
271155
271088
271045
271043
270975
270974
270925
270923
270810
270802
225245
198275
168294
270735
270731
270666
270659
270653
270642
270639
198199
270632
270627
270621
246498
142779
246403
225245
246796
246779
246715
246711
246683
246612
246498
246403
142779
198275
198199
270925
270923
270810
270802
270735
270731
270666
270659
270653
270642
270639
270632
270627
270621
168294
142779
270925
270923
270810
270802
270735
270731
270666
270659
270653
270642
270639
270632
270627
270621
168294
198275
198199
246796
246779
246715
246711
246683
246612
246498
246403
225245
142730
270375
270332
