5430075
5430071
5430070
5430059
5430049
5430044
5430042
5430040
5430038
5430035
5430030
5430027
5430023
5430017
5430012
5430007
5429999
5429995
5429994
5429988
5429981
5429979
5429977
5429975
5429973
5429969
5429962
5429960
5429955
5429951
5429949
5429946
5429945
5429941
5429938
5429934
5429931
5429913
5429911
5429910
5429902
5429897
5429894
5429882
5429877
5429875
5429873
5429872
5429868
5429867
5429846
5429830
5429824
5429821
5429817
5429812
5429810
5342169
5342142
5342102
5342077
5342031
5341971
5341932
5341917
5341873
5341812
5341807
5341766
5341765
5341693
5341657
5341479
5341431
5341428
5341415
5341397
5341396
5341317
5341271
5341266
5341261
5341257
5341244
5341242
5341201
5341196
5341191
5341181
5341098
5341089
5341088
5341077
5341073
5341051
5341050
5341047
5341029
5340950
5340917
5340913
5340907
5340906
5340890
5340886
5340884
5340882
5340878
5340875
5340872
5340869
5340866
5340863
5340860
5340857
5340854
5340851
5340849
5340846
5340843
5340837
5340833
5340827
5340824
5340822
5340817
5340816
5340815
5340811
5340809
5340807
5340805
5340796
5340794
5340793
5340792
5340790
5340788
5340786
5340781
5340777
5340776
5340773
5340771
5340769
5340765
5340763
5340760
5340757
5340752
5340748
5340745
5340743
5340741
5340738
5340733
5340729
5340728
5340726
5340724
5340720
5340716
5340714
5340711
5340709
5340707
5340704
5340700
5340699
5340697
5340695
5340692
5340688
5340687
5340684
5340681
5340679
5340677
5340675
5340671
5340669
5340663
5340661
5340658
5340656
5340655
5340652
5340649
5340647
5340645
5340643
5340641
5340637
5340635
5340632
5340630
5340626
5340624
5340622
5340620
5340618
5340616
5340614
5340612
5340609
5340607
5340605
5340603
5340599
5340597
5340595
5340593
5340591
5340589
5340586
5340584
5340580
5340578
5340574
5340572
5340563
5340561
5340556
5340554
5340550
5340546
5340544
5340541
5340539
5340537
5340535
5340533
5340531
5340529
5340523
5340521
5340518
5340516
5340514
5340510
5340504
5340500
5340497
5340495
5340491
5340488
5340486
5340484
5340481
5340478
5340476
5340474
5340472
5340467
5340463
5340459
5340457
5340455
5340451
5340449
5340446
5340444
5340441
5340438
5340436
5340431
5340428
5340427
5340426
5340422
5340420
5340418
5340416
5340414
5340412
5340411
5340407
5340400
5340398
5340395
5340394
5340392
5340387
5340381
5340379
5340373
5340371
5340368
5340361
5340359
5340357
5340356
5340355
5340352
5340350
5340349
5340345
5340344
5340342
5340340
5340338
5340336
5340334
5340332
5340330
5340328
5340324
5340322
5340320
5340318
5340316
5340315
5340313
5340310
5340308
5340305
5340303
5340301
5340299
5340298
5340295
5340293
5340292
5340290
5340289
5340287
5340285
5340283
5340281
5340278
5340272
5340267
5340265
5340264
5340262
5340260
5340258
5340253
5340251
5340245
5340242
5340240
5340238
5340236
5340233
5340231
5340228
5340226
5340223
5340222
5340220
5340218
5340216
5340214
5340211
5340205
5340204
5340202
5340199
5340197
5340194
5340193
5340191
5340189
5340186
5340184
5340183
5340181
5340177
5340174
5340170
5340167
5340164
5340162
5340160
5340157
5340156
5340155
5340152
5340150
5340146
5340143
5340140
5340137
5340133
5340131
5340128
5340125
5340123
5340121
5340117
5340114
5340111
5340109
5340107
5340105
5340098
5340095
5340093
5340091
5340089
5340087
5340085
5340080
5340078
5340076
5340075
5340073
5340071
5340069
5340067
5340065
5340061
5340058
5340056
5340053
5340048
5340046
5340043
5340040
5340037
5340034
5340033
5340031
5340029
5340027
5340025
5340022
5340019
5340017
5340015
5340013
5340010
5340008
5340006
5340004
5340002
5340000
5339998
5339996
5339994
5339992
5339989
5339987
5339985
5339983
5339982
5339981
5339979
5339975
5339973
5339968
5339966
5339964
5339958
5339952
5339949
5339947
5339945
5339942
5339941
5339937
5339935
5339933
5339930
5339928
5339925
5339922
5339916
5339915
5339913
5339910
5339907
5339905
5339902
5339899
5339897
5339895
5339893
5339891
5339889
5339887
5339885
5339883
5339881
5339879
5339875
5339873
5339871
5339869
5339867
5339865
5339863
5339861
5339859
5339858
5339856
5339854
5339851
5339850
5339848
5339847
5339846
5339844
5339842
5339840
5339838
5339836
5339834
5339832
5339830
5339828
5339826
5339823
5339821
5339819
5339817
5339815
5339813
5339810
5339807
5339803
5339801
5339798
5339796
5339793
5339788
5339785
5339781
5339778
5339776
5339774
5339772
5339770
5339769
5339766
5339762
5339760
5339759
5339757
5339755
5339753
5339751
5339748
5339746
5339744
5339742
5339740
5339737
5339736
5339733
5339730
5339727
5339725
5339722
5339721
5339719
5339717
5339715
5339712
5339710
5339708
5339705
5339703
5339701
5339698
5339695
5339692
5339691
5339689
5339687
5339683
5339681
5339679
5339678
5339673
5339672
5339670
5339668
5339666
5339662
5339661
5339659
5339656
5339654
5339652
5339650
5339648
5339646
5339644
5339642
5339639
5339637
5339635
5339632
5339630
5339628
5339625
5339623
5339620
5339618
5339614
5339612
5339610
5339608
5339605
5339603
5339599
5339597
5339595
5339594
5339592
5339591
5339590
5339589
5339587
5339585
5339583
5339581
5339579
5339576
5339573
5339571
5339568
5339566
5339564
5339561
5339559
5339557
5339555
5339553
5339549
5339548
5339545
5339543
5339541
5339538
5339535
5339532
5339530
5339528
5339524
5339520
5339518
5339515
5339513
5339511
5339508
5339504
5339502
5339499
5339497
5339495
5339493
5339491
5339489
5339487
5339485
5339483
5339480
5339477
5339475
5339473
5339472
5339471
5339470
5339469
5339466
5339464
5339462
5339460
5339457
5339453
5339452
5339451
5339449
5339445
5339443
5339441
5339439
5339437
5339436
5339435
5339434
5339430
5339428
5339426
5339423
5339421
5339419
5339416
5339413
5339411
5339409
5339405
5339403
5339401
5339398
5339396
5339394
5339392
5339390
5339387
5339384
5339378
5339375
5339373
5339372
5339369
5339364
5339360
5339358
5339356
5339354
5339351
5339349
5339347
5339345
5339342
5339340
5339336
5339330
5339326
5339324
5339321
5339318
5339315
5339310
5339308
5339307
5339306
5339303
5339301
5339298
5339296
5339294
5339291
5339289
5339286
5339284
5339281
5339278
5339276
5339274
5339271
5339269
5339267
5339264
5339259
5339256
5339253
5339245
5339242
5339239
5339238
5339235
5339233
5339230
5339228
5339225
5339222
5339221
5339219
5339217
5339214
5339212
5339209
5339207
5339205
5339203
5339201
5339199
5339195
5339191
5339188
5339186
5339185
5339181
5339179
5339174
5339169
5339164
5339160
5339156
5339153
5339150
5339148
5339146
5339145
5339142
5339140
5339133
5339130
5339128
5339126
5339123
5339119
5339114
5339112
5339107
5339106
5339104
5339098
5339097
5339095
5339090
5339088
5339085
5339083
5339081
5339079
5339076
5339074
5339072
5339069
5339066
5339064
5339063
5339062
5339057
5339055
5339053
5339050
5339046
5339044
5339042
5339040
5339037
5339034
5339032
5339030
5339027
5339024
5339021
5339018
5339015
5339013
5339011
5339009
5339007
5339004
5339003
5339001
5338999
5338997
5338995
5338993
5338988
5338987
5338984
5338982
5338980
5338978
5338976
5338974
5338972
5338970
5338968
5338966
5338964
5338961
5338959
5338957
5338956
5338955
5338951
5338949
5338947
5338945
5338943
5338939
5338936
5338933
5338929
5338927
5338925
5338920
5338918
5338916
5338912
5338910
5338905
5338904
5338900
5338898
5338895
5338893
5338890
5338886
5338884
5338882
5338880
5338878
5338875
5338872
5338871
5338868
5338865
5338863
5338859
5338857
5338855
5338850
5338848
5338845
5338843
5338842
5338840
5338838
5338835
5338832
5338830
5338828
5338825
5338822
5338819
5338817
5338814
5338809
5338806
5338804
5338800
5338796
5338792
5338789
5338788
5338786
5338784
5338782
5338777
5338775
5338773
5338771
5338767
5338763
5338761
5338758
5338756
5338750
5338746
5338744
5338741
5338739
5338736
5338732
5338726
5338722
5338720
5338718
5338715
5338711
5338704
5338702
5338699
5338697
5338695
5338693
5338688
5338682
5338676
5338674
5338672
5338670
5338668
5338666
5338662
5338660
5338657
5338656
5338654
5338648
5338646
5338644
5338641
5338638
5338636
5338594
5338568
5338566
5338562
5338561
5338557
5338518
5338460
5338427
5338384
5338141
5338049
5337977
5337752
5337721
5337674
5337671
5337338
5337300
5337290
5337144
5336941
5336932
5336912
5336903
5336900
5336838
5336800
5336780
5336771
5336748
5336736
5336708
5336632
5336622
5336616
5336598
5336523
5336461
5336451
5336450
5336448
5336411
5336407
5336406
5336266
5336261
5336225
5336224
5336097
5336053
5335861
5335839
5335792
5335787
5335653
5335638
5335566
5335532
5335459
5335454
5335363
5335306
5335293
5335290
5335217
5335193
5335177
5335153
5335105
5335049
5335008
5334997
5334990
5334932
5334801
5334739
5334522
5334504
5334494
5334388
5334383
5334381
5334359
5334315
5334257
5334213
5334197
5334141
5334093
5334047
5334020
5333888
5333886
5333884
5333883
5333877
5333872
5333861
5333860
5333857
5333832
5333779
5333646
5333513
5333510
5333383
5333321
5333319
5333280
5333221
5331937
5330801
5330139
5330137
5329993
5329850
5329682
5329629
5329438
5329336
5329285
5329185
5329136
5329046
5328979
5328838
5328676
5329046
5328979
5328838
5328676
5329046
5328979
5328838
5328676
5328074
5321568
5319407
5319407
5321568
5329046
5328979
5328838
5328676
5328074
5321536
5327895
5319367
5319361
5319358
5319357
5319356
5319349
5319348
5319347
5319343
5319341
5319336
5319334
5327823
5319291
5319285
5319276
5319274
5327783
5319240
5327757
5327723
5329046
5328979
5328838
5328676
5328074
5327895
5327823
5327783
5327757
5327723
5319407
5319367
5319361
5319358
5319357
5319356
5319349
5319348
5319347
5319343
5319341
5319336
5319334
5319291
5319285
5319276
5319274
5319240
5321568
5321536
5329046
5328979
5328838
5328676
5328074
5327895
5327823
5327783
5327757
5327723
5319214
5319206
5327687
5319204
5319197
5319194
5319187
5318971
5318970
5327668
5318939
5318938
5318937
5318936
5318935
5318934
5318933
5318932
5318930
5319151
5318916
5318909
5327571
5319111
5319104
5319017
5319009
5319005
5321273
5318995
5321568
5321536
5321273
5319407
5319367
5319361
5319358
5319357
5319356
5319349
5319348
5319347
5319343
5319341
5319336
5319334
5319291
5319285
5319276
5319274
5319240
5319214
5319206
5319204
5319197
5319194
5319187
5319151
5319111
5319104
5319017
5319009
5319005
5318995
5318971
5318970
5318939
5318938
5318937
5318936
5318935
5318934
5318933
5318932
5318930
5318916
5318909
5318971
5318970
5318939
5318938
5318937
5318936
5318935
5318934
5318933
5318932
5318930
5318916
5318909
5329046
5328979
5328838
5328676
5328074
5327895
5327823
5327783
5327757
5327723
5327687
5327668
5327571
5329046
5328979
5328838
5328676
5328074
5327895
5327823
5327783
5327757
5327723
5327687
5327668
5327571
5319407
5319367
5319361
5319358
5319357
5319356
5319349
5319348
5319347
5319343
5319341
5319336
5319334
5319291
5319285
5319276
5319274
5319240
5319214
5319206
5319204
5319197
5319194
5319187
5319151
5319111
5319104
5319017
5319009
5319005
5318995
5318971
5318970
5318939
5318938
5318937
5318936
5318935
5318934
5318933
5318932
5318930
5318916
5318909
5321568
5321536
5321273
5318971
5318970
5318939
5318938
5318937
5318936
5318935
5318934
5318933
5318932
5318930
5318916
5318909
5321210
5327438
5327380
5327343
5327297
