5431699
5431674
5431669
5431633
5431629
5431621
5431612
5431604
5431602
5431600
5431597
5431586
5431585
5431581
5431574
5431571
5431567
5431557
5431554
5431552
5431545
5431510
5431509
5431507
5431497
5431483
5431482
5431471
5431461
5431407
5431397
5431392
5431389
5431379
5431307
5431305
5431304
5431303
5431292
5431289
5431231
5431159
5431155
5431153
5431141
5431117
5431105
5431061
5431059
5431045
5431043
5431033
5431026
5431015
5431008
5430982
5430925
5430912
5430888
5430882
5430878
5430874
5430854
5430850
5430836
5430824
5430802
5430788
5430764
5430746
5430722
5430689
5430676
5430655
5430635
5430614
5430608
5430600
5430592
4909351
4909343
4909321
4909307
4909308
4909298
4909260
4909242
4909232
4909212
4909210
4909204
4909195
4909194
4909190
4909075
4909048
4909004
4908998
4908982
4908956
4908922
4908914
4908912
4908908
4908902
4908896
4908875
4908863
4908858
4908857
4908846
4908832
4879650
4879647
4879631
4879617
4879605
4879598
4879562
4879554
4879546
4879543
4879535
4879533
4879530
4879520
4879506
4879493
4879481
4879474
4879473
4879469
4879437
4879429
4879426
4879421
4879404
4879401
4879371
4879360
4879354
4879332
4879322
4879291
4879281
4879274
4879242
4879236
4879235
4879211
4879184
4879113
4879098
4879067
4878915
4878856
4878797
4878795
4878771
4878746
4878729
4878716
4878703
4878698
4878693
4878669
4878660
1035619
1035585
1035562
1035557
1035518
1035484
1035467
1035422
1035367
1035364
1035339
1035327
1035313
1035300
1035287
1035260
1035254
1035253
1035238
1035234
1035210
1035209
1035197
1035189
1035185
1035175
1035158
1035148
1035145
1035103
1035086
1035061
1035050
1035027
1035018
1035015
1034917
1034881
1034869
1034802
1034792
1034715
1034696
1034676
1034636
1034612
1034568
1034566
1034559
1034538
1034533
1034527
1034469
1034448
1034440
1034435
1034348
1034346
1034324
1034315
1034279
1034220
1034216
1034211
1034199
1034196
1034180
1034178
1034167
1034154
1034115
1034102
1034098
1034094
1034081
1034080
1034066
1034049
1034022
1033988
1033921
1033907
1033904
1033903
1033813
1033783
1033782
1033776
1033748
1033740
1033730
1033720
1033660
1033647
1033645
1033633
1033590
1033542
1033527
1033521
1033505
1033481
1033472
1033465
1033453
1033438
1033425
1033420
1033415
1033412
1033410
1033400
1033368
1033280
1033247
1033244
1033183
1033139
1033118
1032990
1032973
1032960
1032909
1032886
10328431
1032787
1032772
1032754
1032655
1032653
1032637
1032618
1032609
1032596
1032586
1032582
1032558
1032555
1032488
1032469
1032442
1032434
1032404
1032393
1032338
1032333
1032315
1032309
1032276
1032256
1032250
1032177
1032172
1032157
1032150
1032145
1032141
1032124
1032027
1032025
1031992
1031960
1031956
1031950
1031918
1031847
1031805
1031786
1031748
1031745
1031711
1031702
1031701
1031694
1031692
1031651
1031613
1031605
1031594
1031584
1031556
1031551
1031546
1031528
1031451
1031425
1031422
1031421
1031416
1031415
1031413
1031412
1031282
1031271
1031248
1031230
1031228
1031177
1031146
1031085
1031027
1031009
1030975
1030937
1030935
1030931
1030927
1030880
1030828
1030804
1030792
1030776
1030765
1030745
1030742
1030700
1030665
1030631
1030581
1030549
1030527
1030517
1030513
1030498
1030449
1030444
1030432
1030422
1030404
1030377
1030302
1030299
1030228
1030206
1030159
1030131
1030114
1030102
1030093
1029928
1029854
1029853
1029831
1029816
1029797
1029794
1029784
1029781
1029768
1029764
1029747
1029724
1029703
1029697
1029692
1029686
1029673
1029659
1029647
1029587
1029541
1029533
1029522
1029500
1029425
1029419
1029404
1029388
1029386
1029357
1029345
1029342
1029333
1029320
1029316
1029317
1029285
1029167
1029157
1029153
1029138
1029062
1029060
1029011
1028992
1028950
1028917
1028866
1028862
1028853
1028852
1028848
1028788
1028769
1028729
1028628
1028620
1028605
1028599
1028585
1028564
1028534
1028518
1028510
1028504
1028468
1028456
1028445
1028438
1028430
1028429
1028418
1028412
1028409
1028314
1028300
1028298
1028250
1028200
1028192
1028187
1028134
1028114
1028113
1028110
1028103
1028063
1028055
1028033
1028027
1028018
1027995
1027934
1027911
1027863
1027859
1027822
1027817
1027807
1027805
1027786
1027780
1027762
1027750
1027716
1027714
1027660
1027655
1027651
1027644
1027611
1027513
1027512
1027499
1027471
1027467
1027437
1027434
1027408
1027395
1027387
1027381
1027339
1027338
1027320
1027304
1027286
1027277
1027263
1027246
1027155
1027110
1027100
1027084
1027060
1027039
1027034
1027029
1027025
1026971
1026950
1026943
1026941
1026921
1026892
1026886
1026871
1026862
1026861
1026857
1026841
1026837
1026832
1026831
1026828
1026810
1026791
1026778
1026764
1026716
1026641
1026639
1026614
1026601
1026589
1026584
1026579
1026575
1026542
1026529
1026510
1026495
1026471
1026456
1026414
1026382
1026306
1026285
1026268
1026208
1026205
1026200
1026176
1026170
1026124
1026122
1026117
1026082
1026069
1026045
1026039
1026038
1026021
1026002
1025984
1025967
1025960
1025930
1025901
1025890
1025857
1025816
1025748
1025732
1025730
1025675
1025657
1025651
1025624
1025622
1025575
1025572
1025555
1025552
1025534
1025521
1025458
1025448
1025441
1025435
1025433
1025411
1025404
1025384
1025337
1025321
1025290
1025249
1025245
1025200
1025194
1025189
1025172
1025130
1025093
1025075
1025070
1025067
1025019
1025008
1025007
1024990
1024984
1024958
1024922
1024912
1024900
1024885
1024863
1024861
1024852
1024839
1024828
1024810
1024808
1024799
1024746
1024738
1024717
1024708
1024695
1024679
1024669
1024666
1024644
1024609
1024600
1024586
1024571
1024560
1024547
1024545
1024542
1024536
1024526
1024496
1024483
1024473
1024467
1024466
1024441
1024431
1024430
1024377
1024374
1024353
1024253
1024219
1024146
1024121
1024114
1024100
1024081
1024044
1024024
1024020
1023996
1023972
1023964
1023942
1023908
1023867
1023864
1023850
1023833
1023807
1023804
1023760
1023754
1023749
1023712
1023704
1023668
1023659
1023643
1023608
1023574
1023529
1023496
1023459
1023449
1023440
1023431
1023419
1023402
1023341
1023305
1023267
1023197
1023165
1023130
1023760
1023754
1023749
1023712
1023704
1023668
1023659
1023643
1023608
1023574
1023529
1023496
1023459
1023449
1023440
1023431
1023419
1023402
1023341
1023305
1023267
1023197
1023165
1023130
1023104
1023097
1023087
1023053
1023009
1022976
1022971
1023760
1023754
1023749
1023712
1023704
1023668
1023659
1023643
1023608
1023574
1023529
1023496
1023459
1023449
1023440
1023431
1023419
1023402
1023341
1023305
1023267
1023197
1023165
1023130
1023104
1023097
1023087
1023053
1023009
1022976
1022971
986754
1022940
1022930
986735
942142
986726
986708
986702
986697
986695
986674
986673
986754
986735
986726
986708
986702
986697
986695
986674
986673
942142
1023760
1023754
1023749
1023712
1023704
1023668
1023659
1023643
1023608
1023574
1023529
1023496
1023459
1023449
1023440
1023431
1023419
1023402
1023341
1023305
1023267
1023197
1023165
1023130
1023104
1023097
1023087
1023053
1023009
1022976
1022971
1022940
1022930
1022876
1022873
1022862
942067
1022847
1022846
1022844
942057
942050
942021
1022797
1022791
986573
1022758
1022752
1022751
1022743
1022738
1022726
1022715
1022712
986543
941947
941946
1022693
1022686
941934
941933
986533
1022659
1022655
941918
941910
986504
1022644
941888
1023760
1023754
1023749
1023712
1023704
1023668
1023659
1023643
1023608
1023574
1023529
1023496
1023459
1023449
1023440
1023431
1023419
1023402
1023341
1023305
1023267
1023197
1023165
1023130
1023104
1023097
1023087
1023053
1023009
1022976
1022971
1022940
1022930
1022876
1022873
1022862
1022847
1022846
1022844
1022797
1022791
1022758
1022752
1022751
1022743
1022738
1022726
1022715
1022712
1022693
1022686
1022659
1022655
1022644
1023760
1023754
1023749
1023712
1023704
1023668
1023659
1023643
1023608
1023574
1023529
1023496
1023459
1023449
1023440
1023431
1023419
1023402
1023341
1023305
1023267
1023197
1023165
1023130
1023104
1023097
1023087
1023053
1023009
1022976
1022971
1022940
1022930
1022876
1022873
1022862
1022847
1022846
1022844
1022797
1022791
1022758
1022752
1022751
1022743
1022738
1022726
1022715
1022712
1022693
1022686
1022659
1022655
1022644
1023760
1023754
1023749
1023712
1023704
1023668
1023659
1023643
1023608
1023574
1023529
1023496
1023459
1023449
1023440
1023431
1023419
1023402
1023341
1023305
1023267
1023197
1023165
1023130
1023104
1023097
1023087
1023053
1023009
1022976
1022971
1022940
1022930
1022876
1022873
1022862
1022847
1022846
1022844
1022797
1022791
1022758
1022752
1022751
1022743
1022738
1022726
1022715
1022712
1022693
1022686
1022659
1022655
1022644
986754
986735
986726
986708
986702
986697
986695
986674
986673
986573
986543
986533
986504
942142
942067
942057
942050
942021
941947
941946
941934
941933
941918
941910
941888
1022633
695500
887567
887554
887550
1022595
1022590
986440
986439
1022580
1022579
1022577
986430
1022569
1022562
986408
986405
1022538
986392
695443
986374
828596
986365
941753
1022493
1022491
986329
828543
941722
828524
1022441
1022440
1022438
695500
695443
887567
887554
887550
828596
828543
828524
942142
942067
942057
942050
942021
941947
941946
941934
941933
941918
941910
941888
941753
941722
1023760
1023754
1023749
1023712
1023704
1023668
1023659
1023643
1023608
1023574
1023529
1023496
1023459
1023449
1023440
1023431
1023419
1023402
1023341
1023305
1023267
1023197
1023165
1023130
1023104
1023097
1023087
1023053
1023009
1022976
1022971
1022940
1022930
1022876
1022873
1022862
1022847
1022846
1022844
1022797
1022791
1022758
1022752
1022751
1022743
1022738
1022726
1022715
1022712
1022693
1022686
1022659
1022655
1022644
1022633
1022595
1022590
1022580
1022579
1022577
1022569
1022562
1022538
1022493
1022491
1022441
1022440
1022438
986754
986735
986726
986708
986702
986697
986695
986674
986673
986573
986543
986533
986504
986440
986439
986430
986408
986405
986392
986374
986365
986329
695361
1023760
1023754
1023749
1023712
1023704
1023668
1023659
1023643
1023608
1023574
1023529
1023496
1023459
1023449
1023440
1023431
1023419
1023402
1023341
1023305
1023267
1023197
1023165
1023130
1023104
1023097
1023087
1023053
1023009
1022976
1022971
1022940
1022930
1022876
1022873
1022862
1022847
1022846
1022844
1022797
1022791
1022758
1022752
1022751
1022743
1022738
1022726
1022715
1022712
1022693
1022686
1022659
1022655
1022644
1022633
1022595
1022590
1022580
1022579
1022577
1022569
1022562
1022538
1022493
1022491
1022441
1022440
1022438
828596
828543
828524
695500
695443
695361
942142
942067
942057
942050
942021
941947
941946
941934
941933
941918
941910
941888
941753
941722
887567
887554
887550
986754
986735
986726
986708
986702
986697
986695
986674
986673
986573
986543
986533
986504
986440
986439
986430
986408
986405
986392
986374
986365
986329
1022417
775268
986286
828489
1022380
941670
1022369
887374
887370
695320
775218
1022363
828454
695294
941647
828422
887340
775171
