5432853
5432806
5432794
5432790
5432788
5432787
5432695
5432656
4910020
4909998
4909922
4908561
4908501
4908452
4908335
4908299
4908290
4908288
4908223
4907988
4907980
4907834
4907792
4907661
4907631
4907628
4907570
4907475
4907473
4907468
4907464
4907459
4907455
4907450
4907440
4907435
4907389
4907386
4907379
4907376
4907272
4907187
4907186
4907175
4907174
4907140
4906805
4906803
4906777
4906738
4906719
4906630
4906583
4906557
4906544
4906538
4906502
4906417
4906338
4906322
4906295
4906292
3913397
3913290
3913253
3913232
3913227
3913213
3913193
3913052
3912944
3912920
3912907
3912874
3912854
3912755
3912738
3912675
3912670
3912667
3912666
3912640
3912620
3912568
3912533
3912519
3912402
3912401
3912369
3912320
3912304
3912292
3912255
3912150
3912038
3912031
3911939
3911918
3911916
3911896
3911878
3911873
3911865
3911841
3911826
3911803
3911786
3911777
3911772
3911752
3911729
3911719
3911672
3911661
3911607
3911532
3911400
3911365
3911357
3911345
3911343
3911301
3911288
3911287
3911224
3911180
3911164
3911146
3911122
3911117
3911116
3911102
3911074
3911060
3911051
3911036
3911035
3910942
3910939
3910930
3910885
3910834
3910777
3910738
3910729
3910715
3910691
3910643
3910598
3910592
3910585
3910578
3910575
3910572
3910530
3910496
3910452
3910440
3910351
3910331
3910304
3910280
3910250
3910247
3910216
3910195
3910177
3910158
3910132
3910076
3910060
3910038
3909966
3909964
3909960
3909918
3909874
3909841
3909837
3909836
3909834
3909802
3909711
3909676
3909668
3909629
3909607
3909590
3909589
3909580
3909571
3909552
3909550
3909547
3909531
3909525
3909512
3909485
3909472
3909429
3909421
3909291
3909273
3908993
3908991
3908980
3908948
3908940
3908907
3908905
3908876
3908855
3908852
3908834
3908830
3908776
3908708
3908704
3908582
3908572
3908545
3908527
3908505
3908504
3908485
3908473
3908458
3908417
3908403
3908397
3908361
3908351
3908349
3908315
3908231
3908199
3908192
3908165
3908161
3908086
3908009
3908005
3908001
3908000
3907978
3907967
3907956
3907913
3907892
3907825
3907764
3907746
3907743
3907730
3907670
3907658
3907629
3907622
3907613
3907594
3907579
3907572
3907546
3907517
3907508
3907506
3907493
3907456
3907419
3907375
3907363
3907358
3907330
3907303
3907282
3907272
3907265
3907256
3907223
3907187
3907153
3907152
3907138
3907137
3907119
3907057
3907049
3907045
3906991
3906976
3906938
3906898
3906874
3906869
3906840
3906831
3906829
3906828
3906820
3906819
3906796
3906750
3906749
3906744
3906734
3906726
3906679
3906651
3906627
3906618
3906613
3906594
3906554
3906506
3906452
3906426
3906374
3906344
3906308
3906292
3906227
3906217
3906213
3906192
3906171
3906157
3906137
3906115
3906106
3906092
3906082
3906072
3906022
3905997
3905975
3905972
3905970
3905923
3905908
3905880
3905873
3905853
3905802
3905781
3905777
3905742
3905731
3905716
3905715
3905694
3905687
3905678
3905675
3905647
3905498
3905497
3905483
3905411
3905356
3905352
3905335
3905256
3905246
3905217
3905174
3905167
3905164
3905158
3905147
3905126
3905109
3905107
3905102
3905069
3905060
3905043
3905009
3904938
3904923
3904909
3904875
3904873
3904870
3904857
3904839
3904803
3904785
3904782
3904781
3904751
3904748
3904729
3904719
3904711
3904613
3904612
3904599
3904584
3904579
3904570
3904566
3904563
3904522
3904495
3904484
3904481
3904478
3904450
3904421
3904418
3904411
3904407
3904219
3904113
3904087
3904086
3904078
3904065
3904036
3904001
3903957
3903949
3903894
3903838
3903834
3903828
3903823
3903814
3903809
3903797
3903788
3903767
3903765
3903754
3903751
3903728
3903721
3903665
3903634
3903591
3903570
3903568
3903564
3903563
3903559
3903557
3903518
3903484
3903478
3903408
3903379
3903352
3903349
3903328
3903325
3903302
3903299
3903230
3903211
3903181
3903162
3903135
3903129
3903108
3903089
3903075
3903064
3903057
3903038
3903032
3903026
3902982
3902945
3902935
3902909
3902887
3902849
3902848
3902836
3902832
3902829
3902781
3902776
3902698
3902691
3902678
3902663
3902662
3902618
3902610
3902595
3902590
3902564
3902547
3902533
3902490
3902476
3902466
3902403
3902402
3902398
3902397
3902359
3902353
3902318
3902317
3902296
3902288
3902248
3902235
3902131
3902124
3902118
3902112
3902097
3902088
3902086
3902080
3902076
3902028
3901982
3901973
3901962
3901945
3901934
3901915
3901909
3901898
3901890
3901871
3901844
3901761
3901757
3901743
3901708
3901703
3901661
3901651
3901594
3901590
3901586
3901526
3901517
3901514
3901479
3901459
3901401
3901400
3901392
3901387
3901343
3901315
3901277
3901276
3901238
3901232
3901220
3901199
3901194
3901191
3626751
3902982
3902945
3902935
3902909
3902887
3902849
3902848
3902836
3902832
3902829
3902781
3902776
3902698
3902691
3902678
3902663
3902662
3902618
3902610
3902595
3902590
3902564
3902547
3902533
3902490
3902476
3902466
3902403
3902402
3902398
3902397
3902359
3902353
3902318
3902317
3902296
3902288
3902248
3902235
3902131
3902124
3902118
3902112
3902097
3902088
3902086
3902080
3902076
3902028
3901982
3901973
3901962
3901945
3901934
3901915
3901909
3901898
3901890
3901871
3901844
3901761
3901757
3901743
3901708
3901703
3901661
3901651
3901594
3901590
3901586
3901526
3901517
3901514
3901479
3901459
3901401
3901400
3901392
3901387
3901343
3901315
3901277
3901276
3901238
3901232
3901220
3901199
3901194
3901191
3901181
3822111
3822110
3822107
3276171
3822099
3626721
3737124
3822091
3822089
3626716
3871347
3737116
3737113
3901163
3901162
3901161
3737102
3737085
3737083
3626691
3871328
3822047
3822046
3822045
3901137
3626665
3901122
3737044
3901119
3871298
3871289
3901099
3901098
3821992
3901083
3736998
3626620
3821984
3736976
3736974
3871244
3901056
3901052
3901042
3871226
3871222
3901031
3736948
3736945
3626588
3276051
3901013
3901011
3901010
3900999
3900995
3900993
3821920
3871199
3821911
3900983
3821905
3900981
3276171
3276051
3626751
3626721
3626716
3626691
3626665
3626620
3626588
3737124
3737116
3737113
3737102
3737085
3737083
3737044
3736998
3736976
3736974
3736948
3736945
3902982
3902945
3902935
3902909
3902887
3902849
3902848
3902836
3902832
3902829
3902781
3902776
3902698
3902691
3902678
3902663
3902662
3902618
3902610
3902595
3902590
3902564
3902547
3902533
3902490
3902476
3902466
3902403
3902402
3902398
3902397
3902359
3902353
3902318
3902317
3902296
3902288
3902248
3902235
3902131
3902124
3902118
3902112
3902097
3902088
3902086
3902080
3902076
3902028
3901982
3901973
3901962
3901945
3901934
3901915
3901909
3901898
3901890
3901871
3901844
3901761
3901757
3901743
3901708
3901703
3901661
3901651
3901594
3901590
3901586
3901526
3901517
3901514
3901479
3901459
3901401
3901400
3901392
3901387
3901343
3901315
3901277
3901276
3901238
3901232
3901220
3901199
3901194
3901191
3901181
3901163
3901162
3901161
3901137
3901122
3901119
3901099
3901098
3901083
3901056
3901052
3901042
3901031
3901013
3901011
3901010
3900999
3900995
3900993
3900983
3900981
3871347
3871328
3871298
3871289
3871244
3871226
3871222
3871199
3822111
3822110
3822107
3822099
3822091
3822089
3822047
3822046
3822045
3821992
3821984
3821920
3821911
3821905
3626751
3626721
3626716
3626691
3626665
3626620
3626588
3276171
3276051
3902982
3902945
3902935
3902909
3902887
3902849
3902848
3902836
3902832
3902829
3902781
3902776
3902698
3902691
3902678
3902663
3902662
3902618
3902610
3902595
3902590
3902564
3902547
3902533
3902490
3902476
3902466
3902403
3902402
3902398
3902397
3902359
3902353
3902318
3902317
3902296
3902288
3902248
3902235
3902131
3902124
3902118
3902112
3902097
3902088
3902086
3902080
3902076
3902028
3901982
3901973
3901962
3901945
3901934
3901915
3901909
3901898
3901890
3901871
3901844
3901761
3901757
3901743
3901708
3901703
3901661
3901651
3901594
3901590
3901586
3901526
3901517
3901514
3901479
3901459
3901401
3901400
3901392
3901387
3901343
3901315
3901277
3901276
3901238
3901232
3901220
3901199
3901194
3901191
3901181
3901163
3901162
3901161
3901137
3901122
3901119
3901099
3901098
3901083
3901056
3901052
3901042
3901031
3901013
3901011
3901010
3900999
3900995
3900993
3900983
3900981
3822111
3822110
3822107
3822099
3822091
3822089
3822047
3822046
3822045
3821992
3821984
3821920
3821911
3821905
3737124
3737116
3737113
3737102
3737085
3737083
3737044
3736998
3736976
3736974
3736948
3736945
3871347
3871328
3871298
3871289
3871244
3871226
3871222
3871199
3821898
3871161
3871158
3871154
3871153
3900966
3276017
3900963
3900962
3900958
3900954
3900952
3900948
3736883
3871136
3871135
3871133
3626521
3871124
3900930
3821852
3900925
3900916
3900915
3900911
3871095
3821828
3821824
3900892
3736837
3736831
3900879
3900877
