5434163
5433853
5433770
5433183
4939584
4939406
4939089
4939063
4938911
4938538
4938088
4938087
4938085
4938084
4938083
4938082
4938081
4938080
4938079
4938005
4937403
4937243
4937185
4937064
4936958
4936868
4936804
4936792
4936548
4935792
4935776
4935035
4934662
4933750
4932730
4932621
4932595
4932588
4932583
4932521
4932516
4932510
4124550
4124525
4124503
4124477
4124462
4124459
4124458
4124371
4124344
4124294
4124250
4124202
4124184
4124174
4124114
4124073
4124058
4124043
4124016
4123997
4123995
4123960
4123933
4123928
4123920
4123887
4123885
4123882
4123877
4123871
4123861
4123835
4123806
4123791
4123784
4123763
4123671
4123663
4123633
4123583
4123486
4123485
4123304
4123205
4123165
4123121
4123060
4123041
4123022
4123004
4122993
4122966
4122892
4122809
4122721
4122683
4122681
4122653
4122604
4122576
4122574
4122528
4122499
4122492
4122479
4122455
4122426
4122394
4122374
4122367
4122265
4122256
4122104
4122100
4122071
4121993
4121940
4121929
4121842
4121825
4121824
4121818
4121800
4121794
4121785
4121765
4121764
4121760
4121736
4121710
4121707
4121691
4121689
4121685
4121676
4121660
4121652
4121603
4121558
4121556
4121553
4121542
4121540
4121531
4121525
4121479
4121467
4121436
4121426
4121374
4121347
4121338
4121310
4121294
4121245
4121233
4121228
4121227
4121208
4121195
4121183
4121172
4121147
4121124
4121118
4121101
4121084
4120978
4120958
4120955
4120951
4120949
4120935
4120932
4120904
4120900
4120894
4120876
4120869
4120866
4120867
4120826
4120818
4120814
4120806
4120789
4120782
4120783
4120779
4120778
4120766
4120762
4120757
4120748
4120743
4120739
4120740
4120735
4120728
4120723
4120719
4120716
4120709
4120700
4120699
4120694
4120678
4120674
4120671
4120668
4120666
4120662
4120661
4120659
4120626
4120614
4120596
4120595
4120593
4120592
4120591
4120590
4120585
4120581
4120570
4120568
4120567
4120565
4120566
4120564
4120562
4120559
4120558
4120552
4120550
4120549
4120547
4120546
4120545
4120524
4120517
4120512
4120500
4120490
4120484
4120475
4120463
4120452
4120446
4120434
4120432
4120401
4120392
4120375
4120368
4120309
4120303
4120300
4120302
4120301
4120299
4120297
4120259
4120257
4120254
4120252
4120214
4120196
4120191
4120190
4120189
4120182
4120120
4120114
4120100
4120070
4120064
4120048
4120014
4120006
4119998
4119990
4119989
4119981
4119969
4119968
4119961
4119958
4119936
4119910
4119898
4119887
4119876
4119872
4119868
4119864
4119858
4119843
4119841
4119758
4119752
4119743
4119686
4119652
4119650
4119647
4119638
4119630
4119589
4119584
4119569
4119564
4119563
4119536
4119532
4119531
4119499
4119463
4119453
4119436
4119426
4119425
4119414
4119406
4119405
4119395
4119386
4119362
4119340
4119318
4119306
4119295
4119293
4119286
4119279
4119266
4119263
4119252
4119250
4119248
4119242
4119229
4119224
4119216
4119210
4119204
4119202
4119200
4119197
4119194
4119162
4119159
4119154
4119153
4119151
4119147
4119142
4119144
4119143
4119141
4119137
4119128
4119118
4119121
4119116
4119107
4119088
4119077
4119054
4119048
4119045
4119025
4118975
4118964
4118961
4118956
4118947
4118940
4118925
4118916
4118913
4118912
4118906
4118898
4118892
4118865
4118844
4118838
4118835
4118833
4118822
4118787
4118778
4118772
4118759
4118671
4118650
4118646
4118569
4118560
4118540
4118532
4118524
4118521
4118516
4118503
4118487
4118485
4118470
4118463
4118417
4118416
4118410
4118409
4118362
4118319
4118301
4118292
4118279
4118257
4118245
4118238
4118228
4118219
4118104
4118034
4117924
4117872
4117801
4117794
4117788
4117777
4117773
4117736
4117732
4117708
4117660
4117655
4117653
4117633
4117625
4117513
4117506
4117491
4117460
4117413
4117377
4117376
4117306
4117307
4117299
4117286
4117283
4117269
4117257
4117253
4117246
4117247
4117245
4117244
4117240
4117239
4117236
4117225
4117220
4117212
4117192
4117188
4117179
4117175
4117173
4117170
4117168
4117151
4117139
4117122
4117118
4117108
4117094
4117092
4117079
4117068
4117065
4117051
4117049
4117041
4117039
4117024
4117014
4117013
4117012
4117011
4117009
4117003
4117002
4116997
4116994
4116996
4116995
4116993
4116992
4116991
4116990
4116986
4116979
4116978
4116974
4116968
4116963
4116958
4116951
4116952
4116948
4116945
4116944
4116941
4116939
4116938
4116935
4116934
4116931
4116928
4116929
4116917
4116916
4116906
4116904
4116902
4116899
4116897
4116895
4116889
4116887
4116888
4116882
4116876
4116870
4116867
4116864
4116830
4116832
4116831
4116824
4116819
4116818
4116816
4116811
4116804
4116799
4116797
4116793
4116784
4116781
4116778
4116776
4116772
4116769
4116763
4116757
4116749
4116744
4116739
4116730
4116722
4116720
4116719
4116718
4116715
4116714
4116713
4116712
4116707
4116706
4116705
4116704
4116703
4116700
4116698
4116696
4116692
4116691
4116690
4116683
4116680
4116675
4116672
4116670
4116667
4116658
4116650
4116644
4116642
4116625
4116614
4116595
4116588
4116584
4116578
4116577
4116570
4116568
4116563
4116562
4116559
4116560
4116558
4116556
4116555
4116554
4116545
4116546
4116538
4116534
4116533
4116524
4116523
4116521
4116510
4116509
4116504
4116496
4116481
4116473
4116470
4116471
4116468
4116467
4116453
4116450
4116440
4116409
4116391
4116389
4116380
4116376
4116370
4116332
4116320
4116244
4116237
4116216
4116181
4116171
4116160
4116154
4116144
4116141
4116140
4116137
4116129
4116125
4116094
4116015
4115974
4115642
4115633
4115632
4115617
4115600
4115598
4115590
4115552
4115373
4115362
4115357
4115343
4115289
4115250
4115153
4115133
4115027
4114960
4114929
4114928
4114803
4114779
4114685
4114665
4114561
4114560
4114517
4114419
4114319
4114293
4114237
4114219
4114197
4114180
4114167
4114159
4114042
4113897
4113707
4113653
4113616
4113613
4113524
4113506
4113399
4113386
4113248
4113166
4113011
4112978
4112976
4112974
4112967
4112936
4112821
4112803
4112689
4112621
4112426
4112423
4112387
4112257
4112240
4112214
4112213
4112139
4112116
4112106
4112032
4112139
4112116
4112106
4112032
4112139
4112116
4112106
4112032
4112139
4112116
4112106
4112032
4112139
4112116
4112106
4112032
4112139
4112116
4112106
4112032
4112139
4112116
4112106
4112032
