5355642
5355640
5355626
5355617
5355614
5355609
5355589
5355579
5355577
5355566
5355538
5355523
5355522
5355521
5355501
5355500
5355496
5355486
5355478
5355427
5355408
5318847
5318839
5318835
5318832
5318799
5318797
5318789
5318767
5318742
5318724
5318713
5318691
5318688
5318687
5318685
5318675
5318673
5318669
5318662
5318648
5318646
5318644
5318642
5318641
5318637
5318635
5318633
5318630
5318616
5318615
5318605
5318603
5318602
5318598
5318596
5318586
5318581
5318578
5318575
5318574
5318566
5318565
5231388
5231373
5231370
5231357
5231352
5231349
5231319
5231310
5231306
5231302
5231301
5231283
5231279
5231253
5231249
5231247
5231245
5231194
5231188
5231164
5231143
5231098
5231058
5231054
5231044
5231040
5231013
5231008
5230974
5230973
5230970
5230964
5230913
5230906
5230898
5230857
5230833
5230823
5230814
5230790
5230734
5230708
5230696
5230694
5230677
5230671
5230663
5230659
5230655
5230653
5230647
5230626
5230614
5230605
5230583
5230582
5230546
5230537
5230526
5230524
5230521
5230517
5230505
5230500
5230499
5230482
5230476
5230434
5230427
5230426
5230415
5230411
5230396
5230385
5230384
5230375
5230358
5230355
5230332
5230327
5230326
5230325
5230318
5230313
5230296
5230292
5230280
5230274
5230269
5230264
5230254
5230240
5230200
5230196
5230192
5230190
5230187
5230181
5230155
5230149
5230138
5230131
5230128
5230126
5230123
5230121
5230093
5230088
5230082
5230058
5230023
5230020
5230005
5229992
5229985
5229978
5229968
5229928
5229924
5229887
5229884
5229850
5229849
5229836
5229816
5229812
5229753
5229727
5229726
5229705
5229697
5229696
5229686
5229648
5229635
5229617
5229605
5229601
5229590
5229558
5229557
5229539
5229525
5229506
5229500
5229499
5229498
5229494
5229458
5229411
5229407
5229400
5229396
5229330
5229301
5229269
5229267
5229259
5229165
5229156
5229107
5229103
5229098
5229049
5229028
5229013
5229001
5228975
5228946
5228914
5228912
5228892
5228888
5228885
5228882
5228879
5228869
5228828
5228800
5228775
5228749
5228731
5228722
5228711
5228691
5228654
5228652
5228614
5228582
5228580
5228572
5228565
5228514
5228494
5228492
5228458
5228373
5228353
5228344
5228339
5228334
5228313
5228303
5228275
5228271
5228263
5228262
5228243
5228206
5228199
5228194
5228182
5228177
5228094
5228061
5228057
5228011
5228005
5227984
5227972
5227944
5227925
5227920
5227910
5227873
5227867
5227849
5227842
5227830
5227829
5227811
5227807
5227790
5227780
5227762
5227748
5227744
5227726
5227720
5227718
5227707
5227701
5227685
5227606
5227548
5227539
5227494
5227459
5227449
5227401
5227377
5227366
5227342
5227314
5227292
5227268
5227238
5227236
5227174
5227171
5227121
5227115
5227112
5227089
5227070
5227045
5227007
5226982
5226954
5226942
5226938
5226921
5226914
5226907
5226904
5226903
5226880
5226869
5226846
5226836
5226830
5226815
5226814
5226811
5226751
5226742
5226713
5226691
5226679
5226674
5226660
5226655
5226647
5226643
5226640
5226635
5226630
5226623
5226611
5226610
5226608
5226605
5226598
5226586
5226581
5226567
5226545
5226537
5226525
5226500
5226491
5226489
5226487
5226475
5226474
5226470
5226467
5226465
5226453
5226446
5226412
5226379
5226358
5226357
5226349
5226347
5226337
5226334
5226323
5226322
5226314
5226313
5226301
5226293
5226291
5226271
5226260
5226232
5226223
5226208
5226199
5226190
5226172
5226164
5226163
5226155
5226150
5226143
5226140
5226136
5226132
5226127
5226122
5226114
5226105
5226089
5226086
5226076
5226074
5226072
5226067
5226066
5226032
5226024
5225990
5225959
5225947
5225902
5225881
5225856
5225836
5225833
5225812
5225810
5225803
5225795
5225793
5225789
5225781
5225780
5225746
5225739
5225733
5225724
5225691
5225683
5225681
5225637
5225630
5225625
5225618
5225607
5225553
5225545
5225507
5225485
5225397
5225394
5225387
5225360
5225355
5225342
5225323
5225320
5225292
5225282
5225271
5225260
5225255
5225236
5225225
5225224
5225221
5225218
5225214
5225190
5225179
5225173
5225167
5225166
5225142
5225095
5225091
5225040
5225039
5225028
5224999
5224998
5224996
5224984
5224982
5224965
5224962
5224961
5224958
5224932
5224920
5224915
5224912
5224903
5224899
5224872
5224866
5224859
5224853
5224824
5224786
5224781
5224760
5224759
5224758
5224756
5224738
5224724
5224715
5224713
5224697
5224689
5224678
5224661
5224624
5224623
5224583
5224554
5224550
5224549
5224544
5224542
5224523
5224521
5224520
5224519
5224480
5224479
5224470
5224461
5224460
5224417
5224383
5224363
5224362
5224357
5224351
5224337
5224333
5224317
5224308
5224291
5224288
5224275
5224262
5224259
5224255
5224254
5224246
5224242
5224237
5224236
5224230
5224224
5224222
5224213
5224205
5224192
5224187
5224181
5224173
5224172
5224164
5224160
5224140
5224124
5224119
5224115
5224110
5224106
5224095
5224082
5224053
5224046
5224043
5224041
5224036
5224032
5224020
5224019
5223990
5223974
5223972
5223971
5223958
5223943
5223933
5223908
5223897
5223889
5223866
5223806
5223797
5223790
5223746
5223741
5223739
5223720
5223713
5223709
5223705
5223697
5223694
5223687
5223673
5223672
5223668
5223666
5223662
5223653
5223647
5223591
5223589
5223574
5223558
5223551
5223535
5223517
5223510
5223499
5223497
5223496
5223464
5223455
5223447
5223441
5223428
5223425
5223423
5223422
5223419
5223410
5223408
5223406
5223397
5223396
5223383
5223378
5223367
5223348
5223346
5223345
5223325
5223320
5223318
5223316
5223307
5223293
5223289
5223287
5223283
5223272
5223262
5223256
5223251
5223249
5223244
5223240
5223231
5223179
5223170
5223168
5223158
5223146
5223088
5223077
5223074
5223070
5223066
5223065
5223056
5223049
5223044
5223043
5223035
5223017
5223010
5223004
5222998
5222972
5222970
5222948
5222936
5222930
5222929
5222915
5222897
5222880
5222874
5222869
5222868
5222852
5222838
5222832
5222819
5222816
5222814
5222813
5222811
5222809
5222806
5222770
5222768
5222763
5222758
5222749
5222732
5222694
5222690
5222678
5222660
5222652
5222630
5222564
5222561
5222556
5222549
5222507
5222461
5222422
5222389
5222386
5222378
5222357
5222354
5222353
5222337
5222336
5222323
5222318
5222268
5222267
5222216
5222211
5222206
5222188
5222177
5222159
5222157
5222137
5222129
5222126
5222115
5222108
5222104
5222101
5222099
5222096
5222082
5222080
5222074
5222067
5222062
5222052
5222051
5222026
5222025
5222020
5222018
5222015
5222014
5222010
5222000
5221998
5221988
5221987
5221986
5221982
5221980
5221971
5221961
5221959
5221957
5221956
5221949
5221945
5221941
5221939
5221930
5221925
5221919
5221917
5221913
5221914
5221911
5221908
5221891
5221856
5221850
5221843
5221836
5221819
5221786
5221781
5221773
5221759
5221731
5221597
5221577
5221527
5221491
5221472
5221445
5221443
5221439
5221436
5221432
5221423
5221398
5221344
5221337
5221286
5221261
5221242
5221236
5221233
5221219
5221176
5221146
5221110
5221102
5221085
5221056
5221030
5221027
5221018
5220958
5220885
5220882
5220880
5220858
5220802
5220786
5220762
5220749
5220745
5220724
5220716
5220713
5220700
5220688
5220656
5220648
5220643
5220609
5220608
5220602
5220569
5220568
5220527
5220525
5220520
5220435
5220433
5220410
5220381
5220350
5220333
5220320
5220311
5220297
5220291
5220282
5220262
5220260
5220254
5220252
5220249
5220238
5220215
5220192
5220177
5220137
5220095
5220084
5220081
5220064
5220052
5220037
5220013
5220001
5219986
5219979
5219968
5219962
5219959
5219952
5219937
5219931
5219925
5219923
5219916
5219908
5219903
5219867
5219850
5219849
5219826
5219806
5219789
5219731
5219718
5219663
5219662
5219645
5219620
5219604
5219585
5219579
5219562
5219555
5219410
5219386
5219382
5219377
5219369
5219365
5219338
5219337
5219322
5219318
5219317
5219313
5219310
5219308
5219293
5219265
5219243
5219239
5219229
5219227
5219224
5219192
5219146
5219140
5219097
5219094
5219085
5219059
5219003
5219001
5218997
5218966
5218936
5218893
5218873
5218861
5218853
5218841
5218798
5218777
5218776
5218756
5218743
5218733
5218714
5218704
5218702
5218616
5218600
5218586
5218574
5218562
5218523
5218522
5219243
5219239
5219229
5219227
5219224
5219192
5219146
5219140
5219097
5219094
5219085
5219059
5219003
5219001
5218997
5218966
5218936
5218893
5218873
5218861
5218853
5218841
5218798
5218777
5218776
5218756
5218743
5218733
5218714
5218704
5218702
5218616
5218600
5218586
5218574
5218562
5218523
5218522
5218517
5218516
5218491
5218489
5218484
5218483
5218478
5219243
5219239
5219229
5219227
5219224
5219192
5219146
5219140
5219097
5219094
5219085
5219059
5219003
5219001
5218997
5218966
5218936
5218893
5218873
5218861
5218853
5218841
5218798
5218777
5218776
5218756
5218743
5218733
5218714
5218704
5218702
5218616
5218600
5218586
5218574
5218562
5218523
5218522
5218517
5218516
5218491
5218489
5218484
5218483
5218478
5190990
5218313
5152274
5152271
5190975
5190971
5190962
5218281
5190952
5190950
5152222
5190941
5190923
5219243
5219239
5219229
5219227
5219224
5219192
5219146
5219140
5219097
5219094
5219085
5219059
5219003
5219001
5218997
5218966
5218936
5218893
5218873
5218861
5218853
5218841
5218798
5218777
5218776
5218756
5218743
5218733
5218714
5218704
5218702
5218616
5218600
5218586
5218574
5218562
5218523
5218522
5218517
5218516
5218491
5218489
5218484
5218483
5218478
5218313
5218281
5190990
5190975
5190971
5190962
5190952
5190950
5190941
5190923
5152274
5152271
5152222
5190911
5152181
5218230
5190896
5190888
5190880
5190875
5190857
5218195
5152133
5218185
5218170
5218169
5218168
5218167
5152120
5218123
5218122
5218116
5152076
5152274
5152271
5152222
5152181
5152133
5152120
5152076
5190990
5190975
5190971
5190962
5190952
5190950
5190941
5190923
5190911
5190896
5190888
5190880
5190875
5190857
4633902
4633895
5190990
5190975
5190971
5190962
5190952
5190950
5190941
5190923
5190911
5190896
5190888
5190880
5190875
5190857
5152274
5152271
5152222
5152181
5152133
5152120
5152076
5219243
5219239
5219229
5219227
5219224
5219192
5219146
5219140
5219097
5219094
5219085
5219059
5219003
5219001
5218997
5218966
5218936
5218893
5218873
5218861
5218853
5218841
5218798
5218777
5218776
5218756
5218743
5218733
5218714
5218704
5218702
5218616
5218600
5218586
5218574
5218562
5218523
5218522
5218517
5218516
5218491
5218489
5218484
5218483
5218478
5218313
5218281
5218230
5218195
5218185
5218170
5218169
5218168
5218167
5218123
5218122
5218116
4633875
5091432
5152042
5091425
5004394
5190733
5152036
4633848
5091415
5218077
5004358
4816023
5152016
5218068
4816012
4816001
4815994
5151972
5218006
5004314
5151949
5151945
5151943
4815972
4815965
5217983
5217977
4815950
5190639
5151932
5217971
5091306
5004290
4815939
5190612
5217945
4815908
5004273
5190607
5190605
5190603
5217922
4633689
5217916
5190578
5190568
5190566
5190558
5190548
5190547
5190538
5190532
4816023
4816012
4816001
4815994
4815972
4815965
4815950
4815939
4815908
4633902
4633895
4633875
4633848
4633689
5004394
5004358
5004314
5004290
5004273
5091432
5152274
5091425
5152271
5091415
5152222
5091306
5152181
5152133
5152120
5152076
5152042
5152036
5152016
5151972
5151949
5151945
5151943
5151932
5219243
5219239
5219229
5219227
5219224
5219192
5219146
5219140
5219097
5219094
5219085
5219059
5219003
5219001
5218997
5218966
5218936
5218893
5218873
5218861
5218853
5218841
5218798
5218777
5218776
5218756
5218743
5218733
5218714
5218704
5218702
5218616
5218600
5218586
5218574
5218562
5218523
5218522
5218517
5218516
5218491
5218489
5218484
5218483
5218478
5218313
5218281
5218230
5218195
5218185
5218170
5218169
5218168
5218167
5218123
5218122
5218116
5218077
5218068
5218006
5217983
5217977
5217971
5217945
5217922
5217916
5190990
5190975
5190971
5190962
5190952
5190950
5190941
5190923
5190911
5190896
5190888
5190880
5190875
5190857
5190733
5190639
5190612
5190607
5190605
5190603
5190578
5190568
5190566
5190558
5190548
5190547
5190538
5190532
5190990
5190975
5190971
5190962
5190952
5190950
5190941
5190923
5190911
5190896
5190888
5190880
5190875
5190857
5190733
5190639
5190612
5190607
5190605
5190603
5190578
5190568
5190566
5190558
5190548
5190547
5190538
5190532
4633902
4633895
4633875
4633848
4633689
4816023
4816012
4816001
4815994
4815972
4815965
4815950
4815939
4815908
5091432
5091425
5091415
5091306
5219243
5219239
5219229
5219227
5219224
5219192
5219146
5219140
5219097
5219094
5219085
5219059
5219003
5219001
5218997
5218966
5218936
5218893
5218873
5218861
5218853
5218841
5218798
5218777
5218776
5218756
5218743
5218733
5218714
5218704
5218702
5218616
5218600
5218586
5218574
5218562
5218523
5218522
5218517
5218516
5218491
5218489
5218484
5218483
5218478
5218313
5218281
5218230
5218195
5218185
5218170
5218169
5218168
5218167
5218123
5218122
5218116
5218077
5218068
5218006
5217983
5217977
5217971
5217945
5217922
5217916
5152274
5152271
5152222
5152181
5152133
5152120
5152076
5152042
5152036
5152016
5151972
5151949
5151945
5151943
5151932
5004394
5004358
5004314
5004290
5004273
5217882
5217869
4633604
4633594
5190509
5091204
5151852
5190500
4815808
5091190
5004196
4815793
5190483
5004182
5217815
5217812
5217808
4815786
5217792
5217774
5004152
5190432
5004147
4815759
