5432613
5432612
5432593
5432592
5432589
5432561
5432555
5432551
5432550
5432530
5432494
5432445
5432426
5432418
5432417
5432416
5432415
5432413
5432409
5432397
5432390
5432387
5432372
5432365
5432360
5432348
5432336
5432333
5432326
5432322
5432305
5432303
5432280
5432261
5432260
5432253
5432252
5432250
5432248
5432246
5432241
5432238
5432219
5432216
5432212
5432193
5432164
5432153
5432110
5432105
5432088
5432082
5432078
5432061
5432060
5432058
5432015
5431987
5431984
5431977
5431972
5431968
5431967
5431966
5431959
5431958
5431953
5431944
5431912
5431911
5431892
5431881
5431874
5431861
5431851
5431844
5431842
5431840
5431826
5431822
5431817
5431797
5431794
5431786
5431778
5431772
5431771
5431765
5431750
5431747
5431737
5431703
5431701
4909866
4909845
4909831
4909829
4909810
4909804
4909801
4909796
4909789
4909788
4909773
4909762
4909740
4909738
4909736
4909721
4909698
4909670
4909666
4909651
4909650
4909631
4909605
4909601
4909595
4909594
4909592
4909590
4909577
4909570
4909541
4909526
4909499
4909497
4909495
4909486
4909441
4909437
4909412
4909403
4909401
4909397
4909391
4909387
4900449
4900441
4900438
4900432
4900428
4900409
4900394
4900393
4900379
4900366
4900353
4900345
4900343
4900342
4900335
4900328
4900278
4900275
4900267
4900254
4900242
4900239
2484301
2484299
2484279
2484273
2484272
2484267
2484257
2484254
2484249
2484243
2484231
2484230
2484227
2484207
2484192
2484178
2484166
2484161
2484154
2484149
2484142
2484140
2484131
2484129
2484128
2484121
2484117
2484115
2484106
2484103
2484101
2484077
2484073
2484070
2484065
2484064
2484047
2484043
2484038
2484034
2484033
2484030
2484028
2484021
2484018
2484010
2484007
2484001
2483993
2483963
2483961
2483951
2483943
2483937
2483935
2483932
2483927
2483922
2483919
2483905
2483889
2483874
2483863
2483860
2483856
2483852
2483849
2483845
2483842
2483830
2483812
2483805
2483800
2483772
2483771
2483768
2483751
2483745
2483738
2483713
2483696
2483687
2483684
2483671
2483667
2483655
2483650
2483627
2483619
2483607
2483581
2483579
2483569
2483559
2483557
2483555
2483554
2483553
2483547
2483524
2483515
2483492
2483463
2483451
2483442
2483438
2483432
2483428
2483424
2483417
2483376
2483370
2483363
2483362
2483361
2483358
2483339
2483324
2483319
2483315
2483314
2483289
2483286
2483285
2483280
2483246
2483242
2483240
2483227
2483207
2483206
2483191
2483163
2483158
2483150
2483145
2483136
2483127
2483106
2483099
2483037
2483035
2483033
2483025
2483019
2483009
2482998
2482981
2482973
2482972
2482971
2482967
2482951
2482933
2482925
2482917
2482894
2482890
2482889
2482886
2482882
2482867
2482826
2482823
2482821
2482813
2482810
2482802
2482801
2482794
2482793
2482792
2482787
2482772
2482752
2482751
2482745
2482736
2482717
2482710
2482707
2482706
2482697
2482691
2482679
2482675
2482672
2482663
2482655
2482653
2482645
2482639
2482637
2482615
2482595
2482587
2482582
2482571
2482567
2482561
2482520
2482519
2482514
2482513
2482504
2482481
2482478
2482475
2482471
2482455
2482437
2482430
2482417
2482416
2482404
2482393
2482379
2482378
2482372
2482363
2482359
2482345
2482331
2482323
2482317
2482315
2482311
2482308
2482301
2482297
2482292
2482286
2482279
2482272
2482269
2482235
2482227
2482221
2482220
2482219
2482187
2482175
2482151
2482147
2482129
2482117
2482089
2482083
2482072
2482071
2482063
2482061
2482049
2482047
2482030
2482025
2481982
2481975
2481965
2481956
2481955
2481950
2481949
2481946
2481945
2481943
2481939
2481932
2481921
2481885
2481858
2481840
2481813
2481805
2481787
2481771
2481766
2481747
2481744
2481736
2481722
2481719
2481718
2481710
2481674
2481659
2481652
2481651
2481642
2481627
2481624
2481620
2481610
2481608
2481604
2481600
2481589
2481579
2481571
2481557
2481519
2481517
2481493
2481490
2481484
2481444
2481440
2481433
2481421
2481408
2481397
2481395
2481389
2481381
2481379
2481355
2481344
2481337
2481330
2481324
2481313
2481295
2481285
2481267
2481265
2481262
2481261
2481257
2481253
2481238
2481210
2481169
2481157
2481155
2481151
2481150
2481146
2481144
2481142
2481136
2481125
2481124
2481122
2481047
2481045
2481034
2481027
2481013
2481009
2481007
2481002
2480992
2480990
2480989
2480968
2480964
2480959
2480952
2480937
2480920
2480917
2480886
2480873
2480871
2480869
2480867
2480853
2480851
2480832
2480830
2480821
2480804
2480803
2480801
2480783
2480776
2480773
2480761
2480758
2480757
2480752
2480750
2480745
2480744
2480743
2480737
2480730
2480715
2480700
2480693
2480657
2480638
2480637
2480604
2480584
2480580
2480578
2480573
2480569
2480568
2480566
2480561
2480547
2480544
2480521
2480503
2480502
2480501
2480472
2480470
2480467
2480458
2480454
2480441
2480439
2480433
2480405
2480402
2480398
2480386
2480385
2480382
2480369
2480350
2480343
2480326
2480323
2480318
2480301
2480293
2480289
2480288
2480262
2480256
2480249
2480247
2480215
2480214
2480213
2480192
2480180
2480173
2480151
2480128
2480106
2480090
2480062
2480046
2480044
2480018
2480011
2480009
2479998
2479993
2479986
2479975
2479926
2479917
2479914
2479910
2479903
2479899
2479893
2479891
2479885
2479873
2479866
2479865
2479863
2479862
2479859
2479855
2479851
2479849
2479840
2479837
2479821
2479814
2479813
2479807
2479789
2479787
2479702
2479700
2479691
2479683
2479679
2479678
2479665
2479649
2479640
2479631
2479600
2479580
2479569
2479559
2479552
2479543
2479535
2479531
2479527
2479519
2479516
2479515
2479511
2479506
2479496
2479486
2479465
2479464
2479445
2479426
2479424
2479417
2479403
2479392
2479390
2479387
2479377
2479375
2479369
2479368
2479339
2479336
2479304
2479303
2479289
2479269
2479266
2479264
2479263
2479254
2479252
2479249
2479244
2479226
2479224
2479197
2479192
2479189
2479178
2479149
2479146
2479141
2479127
2479078
2479075
2479069
2479065
2479056
2479048
2479002
2478996
2478983
2478939
2478937
2478936
2478923
2478921
2478908
2478888
2478884
2478850
2478845
2478834
2478830
2478826
2478819
2478799
2478777
2478773
2478759
2478756
2478748
2478745
2478722
2478721
2478719
2478713
2478709
2478694
2478680
2478671
2478624
2478621
2478618
2478617
2478602
2478599
2478588
2478586
2478557
2478555
2478550
2478534
2478516
2478515
2478488
2478480
2478474
2478463
2478455
2478416
2478387
2478382
2478380
2478379
2478368
2478367
2478354
2478353
2478329
2478305
2478303
2478286
2478280
2478273
2478270
2478268
2478260
2478246
2478219
2478214
2478213
2478201
2478198
2478195
2478187
2478170
2478168
2478164
2478163
2478149
2478107
2478094
2478087
2478085
2478079
2478078
2478066
2478055
2478034
2478033
2478031
2478030
2478011
2478003
2478002
2477994
2477993
2477986
2477980
2477973
2477946
2477938
2477933
2477922
2477894
2477874
2477861
2477859
2477858
2477856
2477854
2477845
2477805
2477802
2477793
2477791
2477775
2477771
2477756
2477754
2477747
2477735
2477732
2477727
2477722
2477708
2477699
2477681
2477663
2477651
2477629
2477596
2477585
2477582
2477578
2477566
2477562
2477561
2477537
2477534
2477532
2477530
2477519
2477502
2477496
2477493
2477486
2477463
2477460
2477454
2477437
2477406
2477380
2477379
2477368
2477349
2477300
2477294
2477265
2477235
2477232
2477214
2477213
2477186
2477175
2477172
2477159
2477138
2477118
2477074
2477071
2477061
2477051
2477048
2477039
2477036
2477018
2476999
2476997
2476985
2476983
2476969
2476963
2476959
2476953
2476948
2476938
2476933
2476915
2476903
2476893
2476883
2476871
2476870
2476841
2476837
2476827
2476816
2476813
2476781
2476716
2476706
2476699
2476693
2476689
2476680
2476674
2476655
2476642
2476631
2476626
2476625
2476621
2476611
2476600
2476595
2476592
2476577
2476563
2476561
2476550
2476543
2476540
2476534
2476504
2476503
2476501
2476483
2476477
2476474
2476468
2476465
2476457
2476456
2476450
2476448
2476443
2476442
2476402
2476398
2476393
2476391
2476389
2476388
2476382
2476366
2476358
2476356
2476319
2476311
2476291
2476286
2476268
2476260
2476259
2476232
2476230
2476227
2476224
2476214
2476210
2476208
2476196
2476177
2476171
2476167
2476160
2476158
2476141
2476103
2476080
2476059
2476047
2476035
2476029
2476006
2475994
2475991
2475979
2475976
2475969
2475961
2475957
2475937
2475934
2475931
2475926
2475923
2475918
2475914
2475905
2475892
2475883
2475882
2475869
2475863
2475862
2475857
2475846
2475843
2475836
2475833
2475830
2475822
2475816
2475803
2475800
2475763
2475747
2475724
2475719
2475717
2475705
2475700
2475697
2475693
2475666
2475662
2475649
2475620
2475614
2475600
2475583
2475567
2475552
2475551
2475546
2475527
2475524
2475507
2475504
2475496
2475492
2475491
2475449
2475418
2475411
2475397
2475369
2475368
2475358
2475342
2475341
2475336
2475322
2475314
2475307
2475266
2475246
2475227
2475225
2475219
2475215
2475214
2475207
2475197
2475196
2475194
2475177
2475171
2475170
2475152
2475133
2475127
2475126
2475115
2475114
2475111
2475106
2475102
2475090
2475089
2475079
2475078
2475072
2475060
2475032
2475014
2475002
2474991
2474970
2474963
2474961
2474954
2474952
2474942
2474924
2474921
2474891
2474873
2474871
2474867
2474865
2474864
2474860
2474852
2474843
2474834
2474786
2474778
2474770
2474727
2474725
2474701
2474690
2474679
2474666
2474654
2474650
2474647
2474643
2474635
2474634
2474602
2474599
2474584
2474582
2474580
2474578
2474572
2474563
2474558
2474543
2474540
2474537
2474524
2474517
2474510
2474485
2474467
2474454
2474435
2474418
2474398
2474390
2474388
2474382
2474367
2474334
2474321
2474311
2474306
2474300
2474294
2474265
2474256
2474244
2474238
2474226
2474214
2474202
2474199
2474192
2474188
2474167
2474147
2474144
2474142
2474139
2474121
2474112
2474103
2474099
2474086
2474081
2474071
2474065
2474061
2474060
2474051
2474050
2474048
2474046
2474044
2474035
2474029
2474024
2474020
2474018
2474012
2474011
2473998
2473996
2473986
2473975
2473971
2473968
2473963
2473954
2473953
2473951
2473940
2473936
2473920
2473914
2473911
2473892
2473881
2473863
2473859
2473843
2473831
2473828
2473815
2473805
2473804
2473799
2473796
2473787
2473785
2473766
2473745
2473738
2473730
2473729
2473724
2475266
2475246
2475227
2475225
2475219
2475215
2475214
2475207
2475197
2475196
2475194
2475177
2475171
2475170
2475152
2475133
2475127
2475126
2475115
2475114
2475111
2475106
2475102
2475090
2475089
2475079
2475078
2475072
2475060
2475032
2475014
2475002
2474991
2474970
2474963
2474961
2474954
2474952
2474942
2474924
2474921
2474891
2474873
2474871
2474867
2474865
2474864
2474860
2474852
2474843
2474834
2474786
2474778
2474770
2474727
2474725
2474701
2474690
2474679
2474666
2474654
2474650
2474647
2474643
2474635
2474634
2474602
2474599
2474584
2474582
2474580
2474578
2474572
2474563
2474558
2474543
2474540
2474537
2474524
2474517
2474510
2474485
2474467
2474454
2474435
2474418
2474398
2474390
2474388
2474382
2474367
2474334
2474321
2474311
2474306
2474300
2474294
2474265
2474256
2474244
2474238
2474226
2474214
2474202
2474199
2474192
2474188
2474167
2474147
2474144
2474142
2474139
2474121
2474112
2474103
2474099
2474086
2474081
2474071
2474065
2474061
2474060
2474051
2474050
2474048
2474046
2474044
2474035
2474029
2474024
2474020
2474018
2474012
2474011
2473998
2473996
2473986
2473975
2473971
2473968
2473963
2473954
2473953
2473951
2473940
2473936
2473920
2473914
2473911
2473892
2473881
2473863
2473859
2473843
2473831
2473828
2473815
2473805
2473804
2473799
2473796
2473787
2473785
2473766
2473745
2473738
2473730
2473729
2473724
2473708
2473704
2473690
2473686
2473682
2473676
2473672
2473671
2473654
2473653
2473628
2473624
2473611
2473596
2473567
2473564
2473542
2473541
2473538
2473537
2473536
2473520
2335154
2416882
2475266
2475246
2475227
2475225
2475219
2475215
2475214
2475207
2475197
2475196
2475194
2475177
2475171
2475170
2475152
2475133
2475127
2475126
2475115
2475114
2475111
2475106
2475102
2475090
2475089
2475079
2475078
2475072
2475060
2475032
2475014
2475002
2474991
2474970
2474963
2474961
2474954
2474952
2474942
2474924
2474921
2474891
2474873
2474871
2474867
2474865
2474864
2474860
2474852
2474843
2474834
2474786
2474778
2474770
2474727
2474725
2474701
2474690
2474679
2474666
2474654
2474650
2474647
2474643
2474635
2474634
2474602
2474599
2474584
2474582
2474580
2474578
2474572
2474563
2474558
2474543
2474540
2474537
2474524
2474517
2474510
2474485
2474467
2474454
2474435
2474418
2474398
2474390
2474388
2474382
2474367
2474334
2474321
2474311
2474306
2474300
2474294
2474265
2474256
2474244
2474238
2474226
2474214
2474202
2474199
2474192
2474188
2474167
2474147
2474144
2474142
2474139
2474121
2474112
2474103
2474099
2474086
2474081
2474071
2474065
2474061
2474060
2474051
2474050
2474048
2474046
2474044
2474035
2474029
2474024
2474020
2474018
2474012
2474011
2473998
2473996
2473986
2473975
2473971
2473968
2473963
2473954
2473953
2473951
2473940
2473936
2473920
2473914
2473911
2473892
2473881
2473863
2473859
2473843
2473831
2473828
2473815
2473805
2473804
2473799
2473796
2473787
2473785
2473766
2473745
2473738
2473730
2473729
2473724
2473708
2473704
2473690
2473686
2473682
2473676
2473672
2473671
2473654
2473653
2473628
2473624
2473611
2473596
2473567
2473564
2473542
2473541
2473538
2473537
2473536
2473520
2335150
2335145
2473500
2473499
2473490
2473486
2473485
2473484
2416861
2473477
2416851
2416827
2416820
2416814
2473446
2335103
2416804
2335098
2416882
2416861
2416851
2416827
2416820
2416814
2416804
2335154
2335150
2335145
2335103
2335098
2475266
2475246
2475227
2475225
2475219
2475215
2475214
2475207
2475197
2475196
2475194
2475177
2475171
2475170
2475152
2475133
2475127
2475126
2475115
2475114
2475111
2475106
2475102
2475090
2475089
2475079
2475078
2475072
2475060
2475032
2475014
2475002
2474991
2474970
2474963
2474961
2474954
2474952
2474942
2474924
2474921
2474891
2474873
2474871
2474867
2474865
2474864
2474860
2474852
2474843
2474834
2474786
2474778
2474770
2474727
2474725
2474701
2474690
2474679
2474666
2474654
2474650
2474647
2474643
2474635
2474634
2474602
2474599
2474584
2474582
2474580
2474578
2474572
2474563
2474558
2474543
2474540
2474537
2474524
2474517
2474510
2474485
2474467
2474454
2474435
2474418
2474398
2474390
2474388
2474382
2474367
2474334
2474321
2474311
2474306
2474300
2474294
2474265
2474256
2474244
2474238
2474226
2474214
2474202
2474199
2474192
2474188
2474167
2474147
2474144
2474142
2474139
2474121
2474112
2474103
2474099
2474086
2474081
2474071
2474065
2474061
2474060
2474051
2474050
2474048
2474046
2474044
2474035
2474029
2474024
2474020
2474018
2474012
2474011
2473998
2473996
2473986
2473975
2473971
2473968
2473963
2473954
2473953
2473951
2473940
2473936
2473920
2473914
2473911
2473892
2473881
2473863
2473859
2473843
2473831
2473828
2473815
2473805
2473804
2473799
2473796
2473787
2473785
2473766
2473745
2473738
2473730
2473729
2473724
2473708
2473704
2473690
2473686
2473682
2473676
2473672
2473671
2473654
2473653
2473628
2473624
2473611
2473596
2473567
2473564
2473542
2473541
2473538
2473537
2473536
2473520
2473500
2473499
2473490
2473486
2473485
2473484
2473477
2473446
2335094
2335083
2416789
2416788
2416782
2416779
2416772
2416770
2473404
2416761
2335051
2335048
2473393
2335042
2416750
2473388
2416745
2335034
2473360
2416729
2473357
2473337
2416712
2416707
2416706
2416702
2335005
2416698
2416697
2473318
2473316
2416688
2416686
2416677
2416671
2473295
2416660
2416656
2473273
2473252
2473251
2473247
2334976
2334969
2334967
2473236
2334959
2473231
2473224
2334945
2334943
2473220
2416618
2416882
2416861
2416851
2416827
2416820
2416814
2416804
2416789
2416788
2416782
2416779
2416772
2416770
2416761
2416750
2416745
2416729
2416712
2416707
2416706
2416702
2416698
2416697
2416688
2416686
2416677
2416671
2416660
2416656
2416618
2335154
2335150
2335145
2335103
2335098
2335094
2335083
2335051
2335048
2335042
2335034
2335005
2334976
2334969
2334967
2334959
2334945
2334943
2475266
2475246
2475227
2475225
2475219
2475215
2475214
2475207
2475197
2475196
2475194
2475177
2475171
2475170
2475152
2475133
2475127
2475126
2475115
2475114
2475111
2475106
2475102
2475090
2475089
2475079
2475078
2475072
2475060
2475032
2475014
2475002
2474991
2474970
2474963
2474961
2474954
2474952
2474942
2474924
2474921
2474891
2474873
2474871
2474867
2474865
2474864
2474860
2474852
2474843
2474834
2474786
2474778
2474770
2474727
2474725
2474701
2474690
2474679
2474666
2474654
2474650
2474647
2474643
2474635
2474634
2474602
2474599
2474584
2474582
2474580
2474578
2474572
2474563
2474558
2474543
2474540
2474537
2474524
2474517
2474510
2474485
2474467
2474454
2474435
2474418
2474398
2474390
2474388
2474382
2474367
2474334
2474321
2474311
2474306
2474300
2474294
2474265
2474256
2474244
2474238
2474226
2474214
2474202
2474199
2474192
2474188
2474167
2474147
2474144
2474142
2474139
2474121
2474112
2474103
2474099
2474086
2474081
2474071
2474065
2474061
2474060
2474051
2474050
2474048
2474046
2474044
2474035
2474029
2474024
2474020
2474018
2474012
2474011
2473998
2473996
2473986
2473975
2473971
2473968
2473963
2473954
2473953
2473951
2473940
2473936
2473920
2473914
2473911
2473892
2473881
2473863
2473859
2473843
2473831
2473828
2473815
2473805
2473804
2473799
2473796
2473787
2473785
2473766
2473745
2473738
2473730
2473729
2473724
2473708
2473704
2473690
2473686
2473682
2473676
2473672
2473671
2473654
2473653
2473628
2473624
2473611
2473596
2473567
2473564
2473542
2473541
2473538
2473537
2473536
2473520
2473500
2473499
2473490
2473486
2473485
2473484
2473477
2473446
2473404
2473393
2473388
2473360
2473357
2473337
2473318
2473316
2473295
2473273
2473252
2473251
2473247
2473236
2473231
2473224
2473220
2216219
2334930
2473211
2473210
2416605
2416600
2416597
1959014
2334922
2416576
2081836
2334909
2216176
2216175
2216173
2416561
2416554
2416553
2216162
2473166
2416545
2416543
2416542
2216146
2473164
2334899
2216142
2081816
2473160
2216140
2416526
2416524
2473155
2473154
1958929
2473151
2216132
2081809
2416520
2081803
1818795
2334888
2334885
2416515
2081800
2216126
2216125
2216124
2216122
2416510
2216117
2216115
2416506
2216108
2416503
2416500
1818780
2473132
2473127
2216100
2216099
2216095
1818764
2473119
2334872
2216084
2081775
1958898
2416473
2081770
2416470
2416468
2216074
2473103
1958892
2416462
2081761
2216066
1958883
2416456
1958879
2081757
2473090
2081751
2473085
2416442
2473074
2473073
2416436
2416429
2081739
2081738
2416420
1818703
2473063
1818701
2216037
2216036
1958857
2473057
2216028
2216027
1958844
2416406
1958831
2216010
2473021
2416381
1958820
2216004
1958817
2216000
2416370
2416367
2416366
2215988
2215985
2473013
2215979
1818644
1958776
2416353
1818795
1818780
1818764
1818703
1818701
1818644
1959014
1958929
1958898
1958892
1958883
1958879
1958857
1958844
1958831
1958820
1958817
1958776
2216219
2216176
2216175
2216173
2216162
2216146
2216142
2216140
2216132
2216126
2216125
2216124
2216122
2216117
2216115
2216108
2216100
2216099
2216095
2216084
2216074
2216066
2216037
2216036
2216028
2216027
2216010
2216004
2216000
2215988
2215985
2215979
2081836
2081816
2081809
2081803
2081800
2081775
2081770
2081761
2081757
2081751
2081739
2081738
2335154
2335150
2335145
2335103
2335098
2335094
2335083
2335051
2335048
2335042
2335034
2335005
2334976
2334969
2334967
2334959
2334945
2334943
2334930
2334922
2334909
2334899
2334888
2334885
2334872
2416882
2416861
2416851
2416827
2416820
2416814
2416804
2416789
2416788
2416782
2416779
2416772
2416770
2416761
2416750
2416745
2416729
2416712
2416707
2416706
2416702
2416698
2416697
2416688
2416686
2416677
2416671
2416660
2416656
2416618
2416605
2416600
2416597
2416576
2416561
2416554
2416553
2416545
2416543
2416542
2416526
2416524
2416520
2416515
2416510
2416506
2416503
2416500
2416473
2416470
2416468
2416462
2416456
2416442
2416436
2416429
2416420
2416406
2416381
2416370
2416367
2416366
2416353
2475266
2475246
2475227
2475225
2475219
2475215
2475214
2475207
2475197
2475196
2475194
2475177
2475171
2475170
2475152
2475133
2475127
2475126
2475115
2475114
2475111
2475106
2475102
2475090
2475089
2475079
2475078
2475072
2475060
2475032
2475014
2475002
2474991
2474970
2474963
2474961
2474954
2474952
2474942
2474924
2474921
2474891
2474873
2474871
2474867
2474865
2474864
2474860
2474852
2474843
2474834
2474786
2474778
2474770
2474727
2474725
2474701
2474690
2474679
2474666
2474654
2474650
2474647
2474643
2474635
2474634
2474602
2474599
2474584
2474582
2474580
2474578
2474572
2474563
2474558
2474543
2474540
2474537
2474524
2474517
2474510
2474485
2474467
2474454
2474435
2474418
2474398
2474390
2474388
2474382
2474367
2474334
2474321
2474311
2474306
2474300
2474294
2474265
2474256
2474244
2474238
2474226
2474214
2474202
2474199
2474192
2474188
2474167
2474147
2474144
2474142
2474139
2474121
2474112
2474103
2474099
2474086
2474081
2474071
2474065
2474061
2474060
2474051
2474050
2474048
2474046
2474044
2474035
2474029
2474024
2474020
2474018
2474012
2474011
2473998
2473996
2473986
2473975
2473971
2473968
2473963
2473954
2473953
2473951
2473940
2473936
2473920
2473914
2473911
2473892
2473881
2473863
2473859
2473843
2473831
2473828
2473815
2473805
2473804
2473799
2473796
2473787
2473785
2473766
2473745
2473738
2473730
2473729
2473724
2473708
2473704
2473690
2473686
2473682
2473676
2473672
2473671
2473654
2473653
2473628
2473624
2473611
2473596
2473567
2473564
2473542
2473541
2473538
2473537
2473536
2473520
2473500
2473499
2473490
2473486
2473485
2473484
2473477
2473446
2473404
2473393
2473388
2473360
2473357
2473337
2473318
2473316
2473295
2473273
2473252
2473251
2473247
2473236
2473231
2473224
2473220
2473211
2473210
2473166
2473164
2473160
2473155
2473154
2473151
2473132
2473127
2473119
2473103
2473090
2473085
2473074
2473073
2473063
2473057
2473021
2473013
2416350
2335154
2335150
2335145
2335103
2335098
2335094
2335083
2335051
2335048
2335042
2335034
2335005
2334976
2334969
2334967
2334959
2334945
2334943
2334930
2334922
2334909
2334899
2334888
2334885
2334872
1818795
1818780
1818764
1818703
1818701
1818644
1959014
1958929
1958898
1958892
1958883
1958879
1958857
1958844
1958831
1958820
1958817
1958776
2475266
2475246
2475227
2475225
2475219
2475215
2475214
2475207
2475197
2475196
2475194
2475177
2475171
2475170
2475152
2475133
2475127
2475126
2475115
2475114
2475111
2475106
2475102
2475090
2475089
2475079
2475078
2475072
2475060
2475032
2475014
2475002
2474991
2474970
2474963
2474961
2474954
2474952
2474942
2474924
2474921
2474891
2474873
2474871
2474867
2474865
2474864
2474860
2474852
2474843
2474834
2474786
2474778
2474770
2474727
2474725
2474701
2474690
2474679
2474666
2474654
2474650
2474647
2474643
2474635
2474634
2474602
2474599
2474584
2474582
2474580
2474578
2474572
2474563
2474558
2474543
2474540
2474537
2474524
2474517
2474510
2474485
2474467
2474454
2474435
2474418
2474398
2474390
2474388
2474382
2474367
2474334
2474321
2474311
2474306
2474300
2474294
2474265
2474256
2474244
2474238
2474226
2474214
2474202
2474199
2474192
2474188
2474167
2474147
2474144
2474142
2474139
2474121
2474112
2474103
2474099
2474086
2474081
2474071
2474065
2474061
2474060
2474051
2474050
2474048
2474046
2474044
2474035
2474029
2474024
2474020
2474018
2474012
2474011
2473998
2473996
2473986
2473975
2473971
2473968
2473963
2473954
2473953
2473951
2473940
2473936
2473920
2473914
2473911
2473892
2473881
2473863
2473859
2473843
2473831
2473828
2473815
2473805
2473804
2473799
2473796
2473787
2473785
2473766
2473745
2473738
2473730
2473729
2473724
2473708
2473704
2473690
2473686
2473682
2473676
2473672
2473671
2473654
2473653
2473628
2473624
2473611
2473596
2473567
2473564
2473542
2473541
2473538
2473537
2473536
2473520
2473500
2473499
2473490
2473486
2473485
2473484
2473477
2473446
2473404
2473393
2473388
2473360
2473357
2473337
2473318
2473316
2473295
2473273
2473252
2473251
2473247
2473236
2473231
2473224
2473220
2473211
2473210
2473166
2473164
2473160
2473155
2473154
2473151
2473132
2473127
2473119
2473103
2473090
2473085
2473074
2473073
2473063
2473057
2473021
2473013
2081836
2081816
2081809
2081803
2081800
2081775
2081770
2081761
2081757
2081751
2081739
2081738
2216219
2216176
2216175
2216173
2216162
2216146
2216142
2216140
2216132
2216126
2216125
2216124
2216122
2216117
2216115
2216108
2216100
2216099
2216095
2216084
2216074
2216066
2216037
2216036
2216028
2216027
2216010
2216004
2216000
2215988
2215985
2215979
2416882
2416861
2416851
2416827
2416820
2416814
2416804
2416789
2416788
2416782
2416779
2416772
2416770
2416761
2416750
2416745
2416729
2416712
2416707
2416706
2416702
2416698
2416697
2416688
2416686
2416677
2416671
2416660
2416656
2416618
2416605
2416600
2416597
2416576
2416561
2416554
2416553
2416545
2416543
2416542
2416526
2416524
2416520
2416515
2416510
2416506
2416503
2416500
2416473
2416470
2416468
2416462
2416456
2416442
2416436
2416429
2416420
2416406
2416381
2416370
2416367
2416366
2416353
2416350
1958767
1958765
2215971
2416335
2334766
1958757
2334760
2416321
2081673
2416303
2472976
2472972
2334736
2334735
2416293
2081660
2416289
2416286
2215934
2215933
2215930
1958723
2472952
2215927
2416273
1958713
2215923
1818581
2416266
2416256
2416248
2215910
2416246
2081636
2416242
2334702
2472930
2081629
1818547
2472921
2334693
2215896
2081618
2416218
