343771
5341905
4902308
5341901
5341892
343770
5341888
5341886
5341884
4893263
343768
5341881
5341877
5341873
343764
343763
5341871
5341869
343743
343737
343735
5341864
343734
5341859
343731
343728
5341854
5341852
343719
5341850
4902286
5341846
5341844
343695
5341842
5341839
4893254
5341834
4893248
5341832
5341824
343647
5341821
5341817
5341814
5341812
5341809
343619
5341807
343611
5341804
5341802
343588
5341798
343587
4902252
5341795
4893239
5341792
5341788
5341783
343563
343561
5341778
5341774
5341772
343547
5341770
5341767
5341766
5341765
5341763
4902251
5341761
5341758
343522
5341756
5341753
4893225
5341748
5341745
5341742
5341740
343503
5341737
5341734
5341726
343502
343483
5341724
4902240
5341722
343473
5341720
5341715
343472
5341712
343461
343459
5341707
4902202
5341705
343437
5341702
5341700
343433
4893216
5341697
5341693
343423
5341690
343414
5341687
343406
343402
343400
343398
5341684
343391
343390
343386
5341682
343368
5341680
343363
343355
5341677
5341674
5341670
343330
4893212
5341668
4893211
4893202
5341664
4902148
4893198
5341662
5341660
4893192
5341658
5341657
4893187
343327
343317
5341654
343307
5341652
343303
5341651
343302
343300
5341647
5341644
343289
5341638
5341633
5341631
4902146
5341628
5341623
5341620
5341618
5341616
343257
4893175
5341613
5341611
5341608
5341603
5341599
5341598
343212
5341595
4902143
343202
5341593
343200
5341590
343193
5341587
4893174
4893172
5341585
343146
5341583
5341580
343128
343127
5341576
343124
343113
5341571
4902138
343112
5341569
5341566
343098
5341563
343093
5341559
5341556
343083
4893171
5341552
4902118
4893165
5341550
4893164
343065
343063
5341545
5341542
5341540
5341537
343057
5341535
5341532
343036
5341530
5341525
5341523
5341518
343016
343013
5341517
343012
343010
5341513
343007
4902103
343005
5341511
342999
342998
342996
5341509
342992
5341506
342990
342988
5341500
342982
4893144
342976
5341497
342975
5341492
342968
4893139
5341488
342962
5341485
342959
5341483
342957
5341479
5341471
342946
5341464
4902100
5341461
5341458
5341456
342933
5341450
5341448
4902077
5341446
4893138
342900
4893137
5341443
342897
342889
5341441
342882
5341439
4893130
5341436
5341434
342868
5341431
5341429
5341428
342849
342848
5341422
342843
342842
5341418
5341415
5341411
342841
5341409
342840
5341405
342835
4902068
342833
5341403
342825
342823
5341397
5341396
342818
342816
5341394
342812
4893128
342809
5341386
342806
5341384
342799
342798
5341379
342796
342794
5341377
5341374
342787
5341372
342784
342782
5341369
342776
342774
5341367
5341364
5341360
4902061
342763
5341357
5341353
342753
342749
5341348
4902048
342745
5341341
342744
4893122
5341337
342741
5341336
342735
4902036
342734
5341334
342733
5341330
5341324
342725
342724
5341322
342722
342720
5341320
5341318
5341317
342716
342714
5341311
342712
5341308
342709
342707
5341303
342705
5341300
4893115
5341298
342700
5341294
342699
5341290
5341287
4902034
5341284
5341282
342690
5341277
4893079
5341275
5341273
5341271
5341266
5341263
5341261
5341257
5341255
5341253
5341247
5341243
5341244
342574
5341242
5341239
342567
5341237
5341232
5341230
342562
5341228
342559
5341221
4893045
5341218
4893043
5341215
342537
5341213
4893027
5341211
5341208
4901963
342506
5341205
5341204
342500
5341202
5341201
5341198
5341196
5341193
5341191
5341186
342472
4893022
5341181
342461
4893011
5341179
4893010
5341175
4901957
5341171
5341169
5341166
342437
5341164
5341161
342423
5341158
5341155
5341150
5341148
4893001
5341145
5341143
4901940
5341139
4901932
5341132
342383
342379
5341129
5341124
5341122
5341120
342366
5341118
5341117
5341111
4893000
4892996
5341108
5341104
4892990
4892989
342335
4892988
5341100
5341098
4901922
5341095
5341089
5341088
5341084
5341081
342305
5341079
5341077
5341075
5341073
5341071
5341068
342288
5341064
5341061
4892986
5341056
4892976
5341053
5341051
5341050
5341047
5341044
342268
5341042
5341040
4901890
5341038
5341036
5341033
342255
5341029
5341027
5341025
5341022
5341019
5341016
342240
4892969
5341013
5341010
5341007
5341005
342231
5341002
5340999
5340998
342224
5340995
4901878
342219
5340993
342217
5340991
5340987
5340985
5340982
4892968
5340978
5340977
5340973
5340971
5340968
5340966
342158
342157
5340963
4901874
342145
5340961
5340955
342126
5340952
5340950
5340943
5340941
5340939
5340937
5340934
5340931
342092
5340927
342089
4892954
5340925
5340923
4901873
5340921
4892942
5340919
342071
5340917
342070
5340915
5340913
5340911
5340909
5340907
5340906
342063
5340904
5340902
5340899
342059
5340897
4892936
5340895
5340893
4901858
5340891
5340886
5340883
342035
5340880
342017
5340876
5340874
5340870
5340868
5340865
341990
5340862
341986
5340859
5340856
4892874
341981
4892868
5340852
5340850
5340848
4901846
5340845
5340841
341973
5340834
5340828
5340826
5340823
5340818
341967
341960
4901819
5340816
341946
5340814
5340810
5340808
4892862
5340807
5340803
5340795
5340793
341900
5340791
5340789
5340787
5340782
5340778
5340775
5340774
5340772
341860
5340770
5340767
5340764
5340761
4892858
5340759
4892854
5340755
5340749
5340747
341835
5340744
341825
4901778
341821
341820
5340742
341817
5340740
5340736
341807
341804
5340731
5340730
341793
5340727
5340725
5340722
5340717
341780
5340715
5340712
341774
5340710
4892842
4892840
5340708
4892827
341764
4892823
341759
4892821
5340705
4901773
5340703
341752
5340702
5340698
5340696
341749
5340694
5340689
5340688
5340686
5340683
341736
5340680
5340678
5340676
5340673
341732
5340670
5340667
4892810
5340662
341731
4901756
5340659
5340657
5340654
5340653
5340650
5340648
5340646
341720
5340644
5340642
5340638
341715
5340636
5340633
341704
4901754
5340631
4892794
5340627
4892791
5340625
5340623
5340621
5340619
5340617
5340615
341680
5340613
5340610
341670
5340608
5340606
341663
4901748
5340604
5340601
5340598
341654
5340596
5340594
5340592
5340590
341648
5340587
5340585
5340581
5340579
5340577
341640
5340573
5340567
5340562
5340557
341636
5340555
5340552
5340549
5340545
341618
5340543
341589
4892667
341574
5340540
5340538
5340536
4901687
5340534
341533
5340532
5340530
4892631
5340528
5340522
5340519
5340517
341526
5340515
5340512
5340508
5340503
4892604
5340498
5340496
4901683
5340494
4892599
5340489
5340487
5340485
341481
5340483
5340480
5340477
341470
5340475
5340473
5340469
341467
5340464
341456
5340461
341442
5340458
341435
5340456
341431
5340452
5340450
4892577
5340447
4892572
341419
5340445
341415
5340442
4901627
341414
5340439
5340438
5340433
341413
5340430
5340427
5340424
5340420
5340417
5340415
4901624
5340413
341363
5340412
4892569
341362
5340408
5340402
4892560
5340399
4892558
5340397
5340396
341350
5340393
5340391
341331
5340386
5340380
341322
5340378
5340372
5340369
5340364
4901611
5340360
5340358
341290
341289
5340356
4892510
5340353
4892507
341279
5340350
5340347
5340345
341260
5340343
5340341
341251
341245
5340338
4901587
341241
341235
5340335
341232
341231
5340333
5340331
5340329
5340327
5340323
5340321
5340319
5340317
4892496
5340316
341156
5340314
5340312
4901583
5340309
5340307
341131
5340304
4892481
5340302
5340300
341105
5340297
5340296
341102
5340294
5340293
5340291
5340289
5340286
341101
5340283
341094
5340280
4901550
5340274
5340269
341050
5340265
4892476
5340263
341025
5340261
5340259
4892467
341016
5340255
5340252
4892458
5340248
4901547
5340243
4892446
340997
5340241
5340239
4892432
4901532
5340237
340983
5340234
5340232
5340229
5340227
340957
5340225
5340222
340943
5340219
340939
340935
5340217
4892431
5340215
5340212
5340209
5340205
340905
5340203
5340201
340899
5340198
5340195
5340194
4901523
5340192
5340190
4892362
5340187
5340185
5340184
5340182
5340178
340871
5340175
5340173
5340169
5340166
5340163
5340161
5340158
5340156
340814
5340154
5340151
4901509
4892349
5340147
340796
4892345
5340145
4892344
5340141
340794
5340138
340791
5340136
5340132
340768
5340129
5340127
5340124
5340122
5340118
5340116
5340113
5340112
5340108
4892335
5340106
5340104
4901486
5340097
5340094
340718
5340092
4892318
5340090
5340088
340695
5340086
5340083
5340079
5340077
5340075
340660
5340072
5340070
5340068
5340066
5340062
5340060
4892311
4901477
5340057
5340055
4892308
340616
5340051
4892305
5340047
5340045
5340041
5340039
340609
5340036
5340035
340593
5340032
4892287
5340030
340592
5340028
4892279
5340026
340578
4892277
5340024
4892272
5340020
5340018
5340016
4901470
340519
5340014
4901464
5340011
340518
5340009
5340007
5340006
340503
5340003
340495
4892271
5340001
340487
5339999
5339997
340460
5339995
5339993
5339991
340445
340444
5339988
4901455
5339986
5339984
5339982
340438
340437
340435
5339980
340431
340426
340425
5339978
5339974
5339970
340414
5339967
340403
5339965
340402
340401
4892267
5339960
4892261
5339956
5339950
5339949
5339946
5339944
5339943
340365
5339938
5339936
5339934
4901429
5339932
340348
5339929
5339927
5339924
5339919
340339
5339916
340338
340337
5339914
5339911
4892212
5339908
5339906
5339904
340332
5339900
4892180
4901427
340319
5339898
4892172
5339894
5339895
340311
5339892
340304
340301
5339890
340298
4892154
5339888
5339886
5339884
4901426
340253
5339882
5339880
340251
4901423
340249
340248
5339878
340247
340243
340242
5339874
5339872
5339870
5339868
340221
340220
340217
5339866
340218
340215
4892150
340211
5339864
4892146
5339862
4892143
4892141
340197
5339860
340193
5339858
340191
5339855
340188
5339853
5339850
5339847
5339845
340174
5339843
5339841
5339839
4901405
4901404
5339837
5339836
340148
5339833
5339831
5339829
5339827
5339825
5339822
5339820
5339818
5339816
4892128
5339814
5339811
340064
5339808
340061
5339806
5339802
5339800
4901385
340057
5339797
340051
5339795
340049
340048
340047
5339792
340046
340045
5339787
340038
5339784
340035
340033
340030
5339779
340017
5339777
340016
340014
340013
5339775
340009
5339773
340007
5339771
5339770
5339767
5339763
5339760
339976
5339758
5339756
4901344
5339754
5339752
339962
5339749
339961
5339747
4892079
5339745
339940
339923
5339743
339919
5339741
4892068
339911
339910
339909
5339739
5339737
5339735
339898
5339732
339895
4892059
5339729
339893
4901330
339892
5339726
339891
339890
339888
5339723
5339722
339887
339886
4892048
5339720
339877
5339718
339874
4892029
5339716
339870
5339713
5339711
5339709
5339706
4892009
5339704
5339702
5339699
339868
4892005
5339696
5339694
5339693
5339690
4891995
5339688
5339686
5339682
339856
4891980
5339680
4901285
5339677
339845
4891970
5339676
339818
4891966
4891964
5339674
4891963
339816
5339671
339811
5339669
339810
339805
5339667
339792
5339665
5339664
4891945
5339660
5339658
5339655
339760
5339653
339756
5339651
339744
5339649
339739
339737
339729
5339647
4901259
5339645
339696
339691
5339643
5339641
4901245
5339638
4891943
5339636
4891938
5339634
4891933
5339631
4891930
4891925
5339629
5339626
339639
5339624
5339622
5339619
339633
339628
5339617
5339613
339613
339610
4901239
5339611
4891924
5339609
5339607
5339604
5339601
5339598
5339596
5339593
5339592
5339591
5339590
5339588
339571
5339586
5339584
339573
5339582
4891911
5339580
5339577
4891908
339558
4891902
5339575
339556
5339572
4891893
4901231
4891892
5339569
5339567
4891883
5339565
5339562
339542
5339560
5339558
5339556
5339554
339514
4891854
5339552
5339550
5339546
339504
4891849
339503
4901226
5339544
339496
339495
339488
5339542
339485
5339539
339483
339479
4891837
5339536
5339534
339471
339470
339469
5339531
5339529
339461
5339525
4891818
5339522
5339519
339460
4891812
5339517
339458
5339514
5339512
5339509
339455
4901217
5339506
339451
339448
5339503
339446
5339500
339443
5339498
5339496
339435
5339494
5339492
339431
5339490
339419
5339488
339413
339411
4891807
4891804
5339486
339409
339405
339403
5339484
5339481
339401
339400
339397
5339479
339395
339394
5339476
339392
339391
5339474
339390
339389
4891792
339388
5339472
339386
4901207
339385
5339470
339384
339383
339382
339380
5339467
339381
339379
339378
5339465
339375
339374
339371
5339463
5339461
5339459
5339455
339357
5339452
5339450
5339448
5339444
5339442
5339440
4891786
5339438
5339437
4891782
5339435
5339433
5339429
4891778
4901197
339323
5339427
5339425
339309
5339422
5339420
5339418
339284
5339415
5339412
5339410
5339408
5339404
5339402
5339400
5339397
4891777
5339395
5339393
5339392
4891768
5339388
5339385
5339380
5339376
5339374
5339373
4901143
5339371
5339367
339206
5339361
5339359
5339357
339192
5339355
339187
4891766
5339352
4891764
4891761
4891757
5339350
4891747
5339348
339149
4891743
339145
4891741
5339346
4891740
5339344
339136
4891734
5339341
339133
4891728
5339339
5339333
4891716
5339329
339113
4891711
5339325
339108
339106
339093
5339322
4891707
339088
339087
5339319
5339316
5339314
339062
5339309
5339307
5339305
5339302
4891702
339043
5339299
339039
4891691
5339297
4891688
5339295
339022
339017
4901008
5339292
4901006
339016
4900999
339015
4891676
5339290
4900996
4891673
339013
339009
339004
5339288
4891664
339001
4891661
4891660
5339285
338988
338985
338981
4891654
5339283
4891650
4891649
4891648
4891647
5339280
338980
5339277
338978
338977
5339275
338975
5339272
5339270
4900944
338962
4900938
5339268
4900937
5339266
5339263
338941
5339258
338936
5339255
5339247
5339243
5339241
5339239
4891645
4891643
5339236
5339234
5339231
5339229
338910
5339226
338902
5339224
5339222
5339221
338890
5339218
4900924
5339216
5339213
5339211
4891629
5339208
4891628
5339206
4891622
5339204
5339202
5339200
4891609
5339196
4891598
4891596
5339193
5339191
338847
5339187
5339184
5339182
4891584
5339180
5339177
4891581
5339172
5339166
4891578
5339163
5339158
4900907
4891574
5339155
4891568
5339152
4900895
338821
4891566
338819
5339149
338818
5339147
5339146
4891563
4891561
5339143
4891557
5339141
5339135
4891554
5339131
338817
5339129
4891549
5339127
4891546
4891544
5339125
338809
5339121
338799
4891535
4891534
5339118
4891528
5339113
5339111
5339106
4891520
5339100
5339098
4891519
4891518
5339096
4891517
4900834
5339092
5339089
5339086
5339084
5339082
5339080
338744
5339077
5339075
5339073
4900795
5339070
4891516
5339068
338737
5339065
4891506
5339063
4891505
5339060
5339056
5339054
4891500
338729
5339052
4891491
4891487
5339048
338728
5339045
5339043
4891467
5339041
5339038
338727
5339036
5339033
5339031
5339028
338726
5339026
5339022
5339020
5339017
4900740
5339014
5339012
5339010
5339008
4891459
4891457
5339006
4891454
4891453
5339004
4891447
4891442
5339002
4891439
5339000
5338998
338690
5338996
5338994
4891425
5338991
5338989
4900699
5338986
5338983
5338981
5338979
338662
5338977
5338975
4900683
5338973
5338971
4891421
5338969
4891417
338630
5338967
4891416
5338965
5338963
4891409
5338960
4891406
4891405
4891403
5338958
338627
5338956
4891397
5338954
5338950
4891391
338626
5338948
4891389
338623
5338946
4891384
5338944
4891373
5338941
338603
338602
4900676
5338937
338579
5338935
4891334
5338931
5338928
4891320
4900667
5338925
338559
5338919
338555
338554
5338917
5338913
338551
5338911
5338908
5338905
338531
5338903
338527
5338899
4891317
5338897
5338894
5338892
5338888
5338885
338514
5338883
5338882
338499
338496
5338879
338487
5338876
338484
5338874
5338872
4900629
5338871
5338866
4891316
4891310
5338864
5338861
4891304
4891299
5338858
4891297
4891294
4891290
5338856
5338851
5338849
5338847
4900573
5338844
5338842
5338839
5338837
5338833
5338832
338388
4891271
4891259
5338829
5338826
338382
5338824
4891249
5338821
4891246
4891243
5338818
4891240
338370
5338815
338367
5338812
5338807
5338805
4891232
5338803
5338798
5338794
4900567
5338790
5338789
5338787
5338785
5338783
338337
5338781
338336
5338776
5338774
5338772
338320
5338768
5338766
338318
5338762
4891225
5338759
5338757
5338753
5338748
5338745
338291
5338743
5338740
5338738
5338734
5338729
5338725
4891217
4891211
5338721
5338719
5338717
338239
5338712
4891192
5338707
4891178
4900463
5338703
4900456
5338700
4891163
5338698
5338696
5338694
5338691
4891147
5338684
5338678
338169
5338675
338167
5338673
338157
338156
5338671
5338670
4849687
5338667
5338664
5338661
5338658
5338657
338141
5338655
338131
5338651
338128
4891139
5338647
5338645
338116
5338642
5338639
5338637
338111
5338635
338107
338104
338101
4891123
338084
338048
4891110
4891108
338038
338019
338006
338005
338003
338000
337988
4891085
337968
337966
4002680
4891080
337941
337935
4002659
337931
337918
4891068
4002600
4002586
4002584
337849
337841
4891059
4891058
337821
3998906
3998902
337778
337772
4891056
337742
4891046
337734
4891045
4891044
337733
3998842
3998836
4891012
337672
337667
4890994
4890978
337633
337628
4890973
337623
337617
337615
4890921
337613
337606
337594
337591
4890915
337584
337583
337580
337575
337574
4890912
4890908
337549
4890895
337518
337513
337482
4890857
4890853
4890848
4890827
337432
4890826
337429
337419
337388
4890808
4890792
4890790
337367
4890786
337322
3998482
3998459
337291
3998448
337266
337254
4890741
337251
337233
337229
337193
337189
337184
337182
337177
337174
337170
4890732
337165
337147
337140
3998295
337125
337111
337105
4890720
3998202
4890714
336947
4890712
4890711
4890697
336926
3998100
3998099
4890692
4890681
4890672
3998077
3998072
4890655
3998069
336840
4890649
336787
336755
4890639
4890635
336680
4890631
336643
336640
3997874
336614
336590
336587
3997835
4890623
336557
336547
336540
4890606
336539
4890597
336513
336487
336482
4890554
336476
336463
336436
336402
336398
336388
336374
336369
4890549
336341
336316
336303
4890536
336286
336266
336257
3997523
336249
336248
336242
4890520
336233
336231
336227
336223
336218
4890502
4890500
3997481
336198
4890485
4890475
336182
336179
336153
336135
4890474
336134
336121
336093
336086
336087
4890468
4890465
3997345
3997343
3997339
3997337
3997333
336017
336010
3997314
336002
335985
4890459
4890458
335977
4890453
335959
335958
335951
335917
4890439
4890434
3997132
4890429
4890424
3997075
4890421
4890412
4890410
4890400
4890398
3996955
4890380
3996893
4890367
3996834
4890364
3996821
3996754
3996745
4890351
3996724
3996723
3996699
4890344
4890340
3996630
3996618
4890322
3996565
3996549
3996547
4890300
4890295
3996491
3996489
4890293
4890292
4890291
4890281
3996458
3996446
4890274
4890271
4890270
4890253
4890250
4890244
3996343
3996332
4890228
4890216
3996242
3996196
3996167
4890212
3996148
4890208
3996044
4890202
3995965
4890199
4890192
4890185
3995889
4890182
4890180
4890173
4890160
3995830
4890142
4890140
4890133
3995789
4890131
4890124
4890115
4890112
4890109
4890102
4890099
4890092
4890045
3995646
3995644
4890041
4890037
4890035
3995559
4890033
4890032
4890020
3995441
4890008
4890003
4889998
4889996
4889995
4889991
4889986
3995318
3995301
3995283
3995253
4889965
4889961
4889959
4889955
3995132
3995126
4889951
4889945
3995054
3995052
3995035
3995018
4889929
3994968
3994946
4889926
4889924
3994921
3994909
4889906
4889891
4889853
4889852
3994767
4889826
3994727
3994725
3994708
4889823
3994698
4889817
4889800
3994664
3994659
4889799
4889792
4889791
4889773
4889763
3994544
3994543
3994517
4889761
4889757
3994465
3994446
4889750
3994443
3994441
3994404
3994397
4889742
4889723
3994310
3994294
3994268
4889702
3994244
3994241
3994238
3994236
4889701
3994193
3994188
3994176
3994171
3994167
3994157
3994140
3994123
3994120
4889690
3994095
3994089
4889675
3994071
4889667
3994028
3994025
3994002
3994001
4889646
3993946
4889631
3993909
4889622
4889614
3993848
3993846
4889613
4889609
3993730
3993709
3993689
4889608
4889604
4889599
4889598
3993587
3993586
4889595
4889589
4889579
4889578
3993520
3993505
4889575
3993464
3993442
4889574
4889571
4889558
4889557
4889556
4889546
3993295
4889545
4889542
4889527
3993238
4889515
3993219
4889512
4889506
4889503
4889495
4889489
3993201
3993192
4889488
3993191
4889483
4889481
4889477
4889473
4889471
4889470
4889457
4889456
3993157
4889452
4889437
3993156
4889432
4889399
3993122
4889398
3993102
4889385
3993087
4889379
3993083
4889377
3993076
4889373
4889367
3993070
4889355
4889351
4889342
4889339
3993068
3993060
3993051
4889338
4889333
4889330
4889329
4889323
3993016
4889311
4889302
4889292
3992972
4889282
4889273
4889268
4889266
4889252
4889251
3992898
4889249
3992896
4889248
4889246
3992893
4889237
4889235
4889225
4889209
4889193
4889183
4889180
3992881
4889161
4889152
4889150
4889148
4889147
4889146
3992880
4889134
3992873
3992856
3992838
3992832
4889132
4889127
4889102
4889092
4889089
4889088
4889087
4889086
4889082
4889081
4889080
4889076
3992791
3992790
4889058
4889052
4889037
4889035
3992783
4889030
4889028
4889026
4889021
4889011
3992739
4889010
4889006
4889002
4888999
3992697
4888997
4888991
4888988
4888986
4888978
4888974
4888971
4888970
4888947
3992675
4888938
3992646
4888931
4888929
4888915
4888913
3992626
3992618
4888907
4888902
4888884
3992614
4888881
3992591
4888860
4888859
4888855
4888853
4888851
3992517
4888810
3992475
4888802
4888799
3992449
4888792
3992443
4888790
3992425
3992421
4888785
4888780
4888772
3992418
3992408
4888760
3992406
3992402
4888746
4888730
3992361
3992359
4888726
3992354
4888722
3992318
4888713
3992312
4888712
4888710
4888702
4888701
3992282
4888673
3992267
3992264
4888668
4888650
4888646
4888644
4888638
4888635
4888621
4888609
4888605
4888597
4888580
4888564
4888563
4888554
3992153
4888531
3992137
3992128
4888527
3992120
4888510
3992109
3992095
3992071
4888509
4888490
4888487
4888464
4888462
4888456
4888447
4888438
3991866
4888427
4888425
4888424
4888419
4888413
4888410
4888408
4888406
3991658
4888382
4888374
4888368
4888367
4888363
4888362
4888359
3991582
3991564
4888349
3991541
3991530
4888341
4888340
4888339
4888337
4888336
3991463
3991451
4888328
3991392
3991364
3991359
3991356
4888322
4888319
3991346
4888313
4888309
3991281
4888299
4888297
4888296
3991260
4888282
3991235
4888278
4888274
4888272
3991219
3991194
3991179
4888268
3991164
4888264
3991153
4888259
3991080
4888248
4888246
4888234
3990992
3990951
4888230
4888220
3990879
4888214
4888203
3990844
4888201
4888200
3990831
4888189
4888187
3990784
4888173
3990729
3990692
3990674
3990669
4888172
3990621
4888163
4888162
4888159
3990593
4888139
4888133
4888132
4888131
4888112
3990468
4888103
4888097
4888090
4888088
4888080
4888079
3990254
3990252
4888076
4888072
3990143
3990131
3990130
4888068
3990071
3990038
4888053
3990010
3989977
4888052
4888043
4888015
3989944
3989935
3989929
3989866
4888000
3989841
3989834
3989815
4887990
4887974
3989690
3989665
3989653
4887973
3989640
3989627
4887971
4887965
