353410
353403
353392
353389
353387
353378
353375
353374
353371
353363
353361
353356
353354
353353
353344
353342
353336
353335
353333
353330
353329
353321
353317
353315
353314
353312
353311
353309
353306
353305
353303
353300
353298
353297
353296
353293
353290
353285
353283
353282
353280
353279
353278
353277
353275
353252
353251
353250
353243
353242
353236
353235
353232
353231
353222
353221
353217
353213
353210
353208
353207
353181
353176
4989565
4989563
4989561
4989559
4989557
4989550
4989549
4908824
4908823
4908804
4908780
4908749
4908742
4908737
4908734
4908724
4908723
4908718
4908717
4908714
4908712
4908704
4908684
4908680
4908675
4908649
4908648
4908646
4908642
4908641
4908640
4908638
4908637
4908635
4908634
4908632
4908631
4908630
4908627
4908626
4908624
4908622
4908621
4908620
4908618
4908615
4908610
4908608
4908607
4908606
4908605
4908604
4908602
4908598
4908595
4908593
4908592
4908590
4908583
4908581
4908579
4908577
4908574
4908573
4866506
4866492
4866473
4866461
4866434
4866432
4866428
4866426
4866423
4866411
4866410
4866400
4866398
4866388
4866385
4866384
4866381
4866375
4866357
4866348
4866344
4866333
4866330
4866323
4866317
4866308
4866306
4866283
4866275
4866262
4866259
4866255
4866252
4866248
4866243
4866221
4866218
4866190
4866187
4866180
4866176
4866175
4866168
4866161
4866150
4866147
4866145
4866139
4866137
4866128
4866113
4866110
4866106
4866105
4866104
4866101
4866099
4866073
4866070
4866068
4866060
4866048
4866044
4866043
4866040
4866039
4866032
4866022
4866014
4866013
4866011
4866004
4865996
4865986
4865970
4865962
4865960
4865951
4865935
4865925
4865920
4865918
4865917
4865913
4865911
4865909
4865907
4865906
4865905
4865903
4865902
4865901
4865899
4865896
4865894
4865892
4865891
4865887
4865886
4865877
4865876
4865870
4865868
4865867
4865866
4865864
4865862
4865859
4865858
4865852
4865849
4865847
4865842
4865833
4865814
4865813
4865806
4865803
4865795
4865782
4865774
4865769
4865758
4865751
4865737
4865734
4865733
4865730
4865724
4865717
4865716
4865710
4865698
4865697
4865696
4865694
4865688
4865687
4865685
4865680
4865678
4865674
4865670
4865664
4865643
4865642
4865630
4865628
4865626
4865610
4865601
4865576
4865560
4865557
4865554
4865552
4865550
4865549
4865547
4865540
4865539
4865521
4865520
4865517
4865515
4865513
4865503
4865499
4865486
4865483
4865484
4865478
4865475
4865474
4865471
4865469
4865468
4865456
4865454
4865448
4865447
4865444
4865443
4865440
4865438
4865433
4865431
4865427
4865425
4865421
4865413
4865407
4865405
4865400
4865380
4865379
4865374
4865365
4865358
4865355
4865350
4865349
4865343
4865313
4865312
4865310
4865309
4865301
4865299
4865296
4865293
4865291
4865285
4865279
4865263
4865256
4865257
4865254
4865253
4865246
4865243
4865236
4865232
4865218
4865211
4865206
4865204
4865200
4865198
4865196
4865190
4865189
4865183
4865179
4865167
4865164
4865160
4865156
4865153
4865149
4865142
4865141
4865132
4865127
4865125
4865116
4865114
4865101
4865099
4865089
4865086
4865068
4865063
4865062
4865058
4865054
4865045
4865036
4865022
4865019
4865018
4865017
4865016
4865005
4864997
4864992
4864990
4864988
4864983
4864971
4864970
4864961
4864953
4864945
4864942
4864933
4864919
4864908
4864902
4864901
4864897
4864894
4864890
4864886
4864868
4864861
4864855
4864854
4864850
4864840
4864839
4864834
4864833
4864832
4864822
4864814
4864813
4864812
4864809
4864808
4864791
4864789
4864778
4864768
4864764
4864762
4864751
4864742
4864739
4864734
4864715
4864706
4864705
4864698
4864693
4864691
4864690
4864689
4864685
4864684
4864683
4864681
4864680
4864671
4864664
4864652
4864646
4864645
4864641
4864640
4864638
4864627
4864625
4864618
4864615
4864598
4864583
4864579
4864578
4864575
4864571
4864569
4864559
4864554
4864553
4864549
4864548
4864544
4864541
4864538
4864533
4864526
4864510
4864506
4864502
4864491
4864484
4864479
4864465
4864464
4864454
4864447
4864410
4864405
4864400
4864380
4864372
4864369
4864366
4864361
4864359
4864353
4864350
4864331
4864316
4864302
4864293
4864289
4864286
4864279
4864276
4864256
4864251
4864248
4864236
4864227
4864225
4864222
4864219
4864206
4864198
4864194
4864191
4864183
4864180
4864178
4864167
4864166
4864165
4864163
4864161
4864160
4864156
4864141
4864137
4864112
4864110
4864109
4864104
4864103
4864101
4864099
4864087
4864081
4864079
4864073
4864066
4864065
4864060
4864057
4864054
4864050
4864041
4864022
4864021
4864018
4864015
4863998
4863985
4863979
4863978
4863977
4863970
4863960
4863949
4863944
4863934
4863931
4863918
4863913
4863912
4863901
4863900
4863894
4863888
4863887
4863882
4863880
4863879
4863876
4863871
4863867
4863864
4863862
4863852
4863850
4863847
4863841
4863829
4863827
4863824
4863820
4863818
4863817
4863815
4863812
4863807
4863804
4863801
4863800
4863797
4863788
4863781
4863780
4863779
4863775
4863765
4863764
4863762
4863760
4863757
4863752
4863750
4863748
4863741
4863734
4863730
4863718
4863706
4863705
4863701
4863699
4863692
4863688
4863686
4863684
4863676
4863672
4863670
4863664
4863663
4863656
4863650
4863637
4863622
4863605
4863588
4863587
4863584
4863576
4863575
4863573
4863562
4863558
4863555
4863554
4863546
4863542
4863533
4863529
4863523
4863520
4863518
4863514
4863513
4863506
4863504
4863499
4863495
4863486
4863482
4863480
4863468
4863466
4863455
4863449
4863444
4863435
4863434
4863420
4863415
4863413
4863411
4863409
4863408
4863406
4863405
4863404
4863403
4863397
4863381
4863379
4863376
4863371
4863361
4863358
4863356
4863348
4863345
4863342
4863340
4863336
4863327
4863323
4863322
4863320
4863317
4863312
4863308
4863307
4863305
4863301
4863296
4863294
4863293
4863289
4863288
4863286
4863274
4863271
4863267
4863264
4863261
4863259
4863253
4863246
4863244
4863242
4863241
4863233
4863201
4863199
4863197
4863195
4863187
4863183
4863176
4863174
4863172
4863164
4863162
4863154
4863148
4863138
4863136
4863130
4863129
4863128
4863119
4863112
4863109
4863104
4863103
4863095
4863090
4863087
4863080
4863074
4863066
4863064
4863057
4863039
4863033
4863029
4863018
4863015
4863000
4862986
4862976
4862967
4862956
4862948
4862939
4862936
4862935
4862927
4862928
4862922
4862920
4862911
4862910
4862907
4862902
4862901
4862871
4862869
4862862
4862853
4862852
4862851
4862848
4862847
4862845
4862844
4862843
4862841
4862835
4862833
4862822
4862821
4862815
4862810
4862805
4862793
4862792
4862788
4862778
4862764
4862760
4862754
4862738
4862736
4862731
4862724
4862715
4862712
4862710
4862703
4862699
4862695
4862681
4862679
4862678
4862677
4862674
4862669
4862667
4862647
4862645
4862644
4862614
4862613
4862607
4862605
4862604
4862599
4862585
4862575
4862574
4862572
4862568
4862566
4862565
4862564
4862559
4862550
4862541
4862540
4862535
4862533
4862527
4862524
4862516
4862515
4862514
4862511
4862503
4862501
4862495
4862492
4862490
4862484
4862478
4862476
4862472
4862470
4862468
4862463
4862460
4862456
4862453
4862445
4862443
4862440
4862430
4862429
4862427
4862418
4862399
4862393
4862390
4862386
4862385
4862381
4862372
4862369
4862359
4862351
4862346
4862344
4862343
4862342
4862340
4862332
4862327
4862326
4862325
4862323
4862320
4862316
4862315
4862287
4862283
4862278
4862270
4862262
4862257
4862248
4862237
4862230
4862227
4862225
4862224
4862219
4862216
4862214
4862213
4862199
4862198
4862195
4862194
4862193
4862192
4862189
4862185
4862183
4862180
4862181
4862178
4862168
4862161
4862149
4862147
4862143
4862140
4862126
4862099
4862098
4862077
4862075
4862046
4862044
4862040
4862038
4862031
4862024
4862023
4862013
4861990
4861991
4861984
4861982
4861981
4861971
4861967
4861958
4861932
4861927
4861923
4861922
4861921
4861913
4861907
4861898
4861881
4861880
4861877
4861859
4861856
4861854
4861841
4861838
4861837
4861835
4861832
4861820
4861816
4861810
4861801
4861793
4861778
4861767
4861763
4861748
4861733
4861726
4861717
4861703
4861689
4861687
4861655
4861651
4861640
4861634
4861633
4861632
4861631
4861625
4861621
4861614
4861613
4861605
4861602
4861600
4861599
4861592
4861590
4861589
4861583
4861582
4861572
4861571
4861565
4861563
4861554
4861539
4861532
4861523
4861517
4861511
4861501
4861478
4861473
4861468
4861459
4861456
4861444
4861435
4861425
4861418
4861414
4861411
4861410
4861408
4861401
4861391
4861380
4861378
4861373
4861368
4861360
4861355
4861340
4861338
4861337
4861333
4861332
4861331
4861323
4861322
4861321
4861316
4861300
4861299
4861293
4861292
4861285
4861280
4861279
4861275
4861274
4861269
4861268
4861267
4861265
4861263
4861254
4861253
4861251
4861249
4861247
4861246
4861245
4861244
4861240
4861239
4861238
4861236
4861233
4861231
4861230
4861228
4861223
4861220
4861210
4861208
4861206
4861205
4861201
4861188
4861181
4861178
4861171
4861169
4861162
4861159
4861150
4861148
4861125
4861119
4861118
4861117
4861111
4861108
4861101
4861091
4861089
4861087
4861079
4861073
4861069
4861066
4861054
4861045
4861026
4861023
4861015
4861008
4861004
4861003
4860998
4860989
4860977
4860963
4860955
4860950
4860949
4860947
4860941
4860939
4860937
4860912
4860911
4860910
4860905
4860899
4860892
4860890
4860881
4860878
4860874
4860872
4860857
4860849
4860843
4860835
4860834
4860799
4860791
4860789
4860788
4860786
4860780
4860777
4860774
4860771
4860768
4860767
4860766
4860762
4860760
4860758
4860757
4860755
4860754
4860753
4860751
4860750
4860749
4860748
4860746
4860745
4860744
4860743
4860738
4860735
4860733
4860732
4860727
4860724
4860718
4860716
4860708
4860707
4860704
4860700
4860699
4860697
4860689
4860688
4860685
4860684
4860683
4860682
4860681
4860675
4860672
4860670
4860667
4860666
4860663
4860653
4860651
4860650
4860647
4860643
4860642
4860633
4860629
4860622
4860617
4860608
4860605
4860604
4860603
4860601
4860598
4860596
4860595
4860578
4860565
4860561
4860560
4860558
4860554
4860550
4860548
4860547
4860525
4860523
4860518
4860517
4860516
4860513
4860511
4860508
4860506
4860503
4860499
4860493
4860488
4860483
4860480
4860477
4860475
4860474
4860470
4860458
4860451
4860449
4860444
4860441
4860438
4860431
4860428
4860422
4860421
4860416
4860410
4860407
4860402
4860401
4860398
4860395
4860392
4860389
4860387
4860372
4860368
4860361
4860357
4860356
4860355
4860354
4860353
4860341
4860340
4860338
4860332
4860318
4860309
4860306
4860298
4860297
4860291
4860286
4860284
4860272
4860261
4860258
4860247
4860233
4860232
4860223
4860221
4860219
4860215
4860206
4860203
4860201
4860193
4860189
4860184
4860182
4860171
4860164
4860155
4860148
4860145
4860136
4860135
4860125
4860123
4860111
4860110
4860108
4860106
4860096
4860077
4860066
4860059
4860036
4860031
4860024
4860021
4860020
4860013
4860001
4859996
4859990
4859987
4859974
4859969
4859965
4859962
4859957
4859948
4859936
4859922
4859915
4859908
4859896
4859890
4859883
4859880
4859865
4859858
4859825
4859816
4859806
4859803
4859800
4859791
4859786
4859784
4859779
4859771
4859767
4859758
4859756
4859754
4859747
4859744
4859736
4859735
4859734
4859732
4859731
4859728
4859727
4859726
4859725
4859724
4859722
4859720
4859715
4859713
4859711
4859706
4859705
4859695
4859686
4859684
4859681
4859677
4859671
4859667
4859660
4859658
4859657
4859650
4859638
4859637
4859634
4859624
4859606
4859601
4859591
4859583
4859581
4859579
4859570
4859568
4859553
4859550
4859544
4859531
4859524
4859518
4859507
4859506
4859499
4859487
4859479
4859466
4859457
4859454
4859453
4859450
4859448
4859428
4859419
4859417
4859415
4859413
4859405
4859399
4859396
4859393
4859392
4859387
4859379
4859361
4859344
4859340
4859334
4859319
4859302
4859300
4859299
4859290
4859278
4859277
4859276
4859274
4859269
4859261
4859256
4859249
4859248
4859244
4859246
4859242
4859241
4859240
4859239
4859238
4859237
4859236
4859234
4859232
4859224
4859223
4859222
4859221
4859220
4859219
4859212
4859208
4859199
4859197
4859193
4859182
4859175
4859176
4859170
4859148
4859142
4859140
4859116
4859117
4859115
4859114
4859111
4859103
4859102
4859101
4859100
4859099
4859094
4859076
4859071
4859063
4859054
4859047
4859035
4859034
4859025
4859020
4859011
4859006
4859001
4858999
4858992
4858984
4858968
4858961
4858960
4858947
4858929
4858928
4858922
4858920
4858919
4858915
4858914
4858913
4858912
4858905
4858902
4858901
4858900
4858891
4858877
4858867
4858865
4858857
4858856
4858851
4858848
4858839
4858837
4858815
4858814
4858812
4858810
4858808
4858807
4858800
4858796
4858783
4858782
4858776
4858768
4858766
4858764
4858759
4858754
4858751
4858750
4858748
4858744
4858739
4858734
4858732
4858731
4858726
4858719
4858714
4858712
4858707
4858704
4858694
4858693
4858692
4858687
4858684
4858671
4858670
4858667
4858657
4858654
4858649
4858647
4858629
4858627
4858626
4858623
4858618
4858615
4858606
4858605
4858603
4858602
4858598
4858588
4858577
4858576
4858572
4858569
4858568
4858560
4858552
4858539
4858538
4858537
4858535
347804
254200
4863934
160130
274235
361305
339145
361297
347803
267683
163
347805
361302
205711
208587
297321
333034
194046
4858190
4861748
348573
247671
252471
4863841
4863913
4865263
176058
199855
275041
323304
323290
355650
355001
355024
4858839
4858900
4858902
4860663
4858135
329523
260891
260904
281524
350996
4858392
343330
347807
327264
327757
327799
327802
327836
4865310
309289
324283
339639
356540
4856099
355054
355076
4862098
4865674
4856060
343473
346491
344975
346338
351855
356132
4908704
4856331
4862476
351496
4858877
300159
313075
325156
326634
336017
4857294
4857325
4858719
4860977
339001
318791
4000087
318792
4857973
4863970
360613
356083
360623
352655
314144
4863529
343719
346406
350453
352083
352845
4857980
4863960
355853
355858
361350
318781
351777
356076
343307
343459
346489
346490
347234
347806
355761
204056
204144
208047
210596
210399
211136
211114
212361
211301
211812
215352
4860416
74044
243648
243685
4860732
4860735
4860738
4860743
4860744
4860745
4860746
4860748
4860749
4860766
4860780
4860786
4860857
4861073
4861590
4862227
4862927
8665
10008
32776
13203
19667
38614
257714
316896
4856918
316618
222575
228732
248355
273031
312630
328773
334549
326181
341825
333224
333225
337594
338382
339556
339558
340242
340243
340247
340248
340249
340251
340253
343846
343939
350127
350882
340211
340215
340217
340218
340220
340221
343853
343856
350848
4858533
4855805
4858164
354422
354910
289003
294992
303215
295218
296526
303944
305033
315299
316450
321220
321222
321335
321349
322694
323882
323886
325087
215095
277994
330807
335609
335595
337821
335917
336223
342217
337966
343433
343561
359508
4858027
4858028
